 Time: 1200 14 Jun 2010 to 1200 11 Jun 2011 (index  1103 to  1465,   363 lines, 19 depths)
 Index:              1      2      4      7      8      9     10     11     13     15     16     17     18     19     20     21     22     23     24
 Depth(M):           1      5     10     16     17     20     25     30     35     37     45     60     80    100    120    150    175    200    300 QUALITY SOURCE
 YYYYMMDD HHMM     SST   TEMP   TEMP   TEMP   TEMP   TEMP   TEMP   TEMP   TEMP   TEMP   TEMP   TEMP   TEMP   TEMP   TEMP   TEMP   TEMP   TEMP   TEMP QQQQQQQQQQQQQQQQQQQ SSSSSSSSSSSSSSSSSSS
 20100614 1200   7.360 -9.999  7.340 -9.999 -9.999  7.330  7.320  7.310 -9.999 -9.999  7.280  7.260  5.690  5.450  5.090  4.760  4.470  4.290  3.980 2020022200222223232 5050055500555555555
 20100615 1200   7.590  7.550  7.570  7.423  7.395  7.380  7.350  7.330  7.262  7.306  7.290  7.260  5.720  5.430  5.170  4.760  4.440  4.260  4.000 2222222222222223232 5151155511555555555
 20100616 1200   7.620  7.596  7.610  7.567  7.567  7.560  7.510  7.410  7.264  7.309  7.300  7.260  5.740  5.420  5.030  4.740  4.400  4.220  4.000 2222222222222223232 5151155511555555555
 20100617 1200   7.710  7.667  7.700  7.594  7.583  7.600  7.560  7.440  7.266  7.310  7.310  7.260  5.880  5.390  4.870  4.640  4.260  4.120  3.920 2222222222222223232 5151155511555555555
 20100618 1200   7.887  7.863  7.753  7.677  7.662  7.605  7.505  7.389  7.267  7.310  7.286  7.205  5.655  5.414  5.312  4.833  4.535  4.315  4.030 2222222222222222222 1111111111111111111
 20100619 1200   7.789  7.785  7.779  7.756  7.751  7.721  7.613  7.458  7.272  7.309  7.270  7.207  5.596  5.417  5.321  4.865  4.530  4.315  4.028 2222222222222222222 1111111111111111111
 20100620 1200   7.829  7.825  7.818  7.810  7.807  7.805  7.795  7.737  7.458  7.456  7.292  7.191  5.586  5.427  5.302  4.858  4.543  4.344  4.030 2222222222222222222 1111111111111111111
 20100621 1200   7.962  7.941  7.910  7.855  7.844  7.821  7.784  7.748  7.443  7.428  7.261  7.143  5.580  5.435  5.248  4.853  4.534  4.337  4.016 2222222222222222222 1111111111111111111
 20100622 1200   8.330  8.151  7.994  7.913  7.904  7.884  7.824  7.700  7.400  7.384  7.259  7.115  5.597  5.431  5.239  4.894  4.536  4.332  4.025 2222222222222222222 1111111111111111111
 20100623 1200   8.485  8.469  8.326  7.991  7.969  7.925  7.858  7.756  7.387  7.376  7.282  7.099  5.651  5.430  5.259  4.878  4.536  4.336  4.028 2222222222222222222 1111111111111111111
 20100624 1200   8.686  8.642  8.505  8.063  8.027  7.954  7.848  7.670  7.378  7.395  7.294  7.094  5.613  5.418  5.282  4.835  4.516  4.320  4.018 2222222222222222222 1111111111111111111
 20100625 1200   8.866  8.754  8.567  8.185  8.142  8.060  7.876  7.694  7.453  7.456  7.320  7.126  5.639  5.369  5.303  4.852  4.508  4.307  4.014 2222222222222222222 1111111111111111111
 20100626 1200   8.520  8.520  8.512  8.433  8.403  8.337  8.152  7.935  7.605  7.569  7.349  7.120  5.680  5.370  5.258  4.862  4.528  4.326  4.025 2222222222222222222 1111111111111111111
 20100627 1200   8.312  8.311  8.311  8.310  8.307  8.303  8.238  8.128  7.784  7.746  7.370  7.116  5.635  5.266  5.104  4.801  4.463  4.257  4.003 2222222222222222222 1111111111111111111
 20100628 1200   8.391  8.385  8.379  8.368  8.366  8.359  8.341  8.300  7.938  7.863  7.350  7.048  5.741  5.362  5.082  4.751  4.444  4.258  3.999 2222222222222222222 1111111111111111111
 20100629 1200   8.650  8.638  8.541  8.465  8.451  8.427  8.395  8.311  8.045  8.036  7.388  7.057  5.672  5.280  5.108  4.780  4.445  4.229  3.985 2222222222222222222 1111111111111111111
 20100630 1200   8.528  8.526  8.525  8.518  8.513  8.508  8.470  8.392  8.080  8.033  7.425  7.143  5.665  5.308  5.146  4.818  4.465  4.256  3.979 2222222222222222222 1111111111111111111
 20100701 1200   8.580  8.574  8.565  8.539  8.533  8.513  8.492  8.463  8.223  8.150  7.455  7.145  5.677  5.270  5.191  4.810  4.461  4.246  3.968 2222222222222222222 1111111111111111111
 20100702 1200   8.665  8.655  8.640  8.611  8.604  8.590  8.553  8.507  8.079  7.992  7.447  7.199  5.631  5.280  5.163  4.784  4.450  4.230  3.959 2222222222222222222 1111111111111111111
 20100703 1200   8.692  8.688  8.687  8.678  8.679  8.675  8.659  8.603  8.170  8.080  7.465  7.238  5.719  5.288  5.200  4.786  4.473  4.258  3.964 2222222222222222222 1111111111111111111
 20100704 1200   8.770  8.768  8.760  8.721  8.711  8.693  8.675  8.644  8.319  8.253  7.585  7.214  5.657  5.273  5.002  4.690  4.425  4.254  3.924 2222222222222222222 1111111111111111111
 20100705 1200   8.868  8.866  8.863  8.852  8.846  8.843  8.828  8.775  8.454  8.382  7.564  7.268  5.688  5.312  4.943  4.760  4.433  4.202  3.936 2222222222222222222 1111111111111111111
 20100706 1200   9.009  9.003  9.001  8.987  8.988  8.978  8.940  8.852  8.439  8.312  7.500  7.218  5.720  5.296  5.102  4.842  4.494  4.251  3.963 2222222222222222222 1111111111111111111
 20100707 1200   9.110  9.109  9.105  9.102  9.093  9.087  9.065  8.948  8.625  8.565  7.564  7.295  5.696  5.298  5.255  4.827  4.483  4.265  3.961 2222222222222222222 1111111111111111111
 20100708 1200   9.235  9.221  9.174  9.103  9.097  9.074  9.034  8.949  8.653  8.584  7.747  7.272  5.785  5.328  5.254  4.858  4.486  4.248  3.960 2222222222222222222 1111111111111111111
 20100709 1200   9.188  9.185  9.183  9.175  9.172  9.166  9.124  9.052  8.854  8.858  7.799  7.260  5.859  5.349  5.200  4.825  4.501  4.262  3.937 2222222222222222222 1111111111111111111
 20100710 1200   9.326  9.323  9.317  9.289  9.290  9.255  9.181  9.040  8.718  8.676  7.894  7.178  5.838  5.361  5.231  4.804  4.455  4.253  3.929 2222222222222222222 1111111111111111111
 20100711 1200   9.361  9.363  9.359  9.358  9.354  9.344  9.308  9.178  8.841  8.818  8.101  7.196  5.968  5.365  5.268  4.862  4.445  4.239  3.923 2222222222222222222 1111111111111111111
 20100712 1200   9.339  9.335  9.333  9.328  9.327  9.325  9.318  9.260  8.920  8.866  8.048  7.153  5.958  5.372  5.278  4.840  4.502  4.268  3.953 2222222222222222222 1111111111111111111
 20100713 1200   9.413  9.408  9.404  9.390  9.390  9.385  9.373  9.331  9.032  9.000  8.273  7.189  5.937  5.381  5.281  4.832  4.542  4.291  3.956 2222222222222222222 1111111111111111111
 20100714 1200   9.527  9.525  9.522  9.511  9.504  9.495  9.444  9.382  9.082  9.070  8.459  7.249  5.930  5.384  5.280  4.878  4.576  4.326  3.970 2222222222222222222 1111111111111111111
 20100715 1200   9.591  9.536  9.535  9.532  9.529  9.523  9.489  9.396  9.123  9.102  8.683  7.290  5.912  5.375  5.253  4.886  4.564  4.351  3.970 2222222222222222222 1111111111111111111
 20100716 1200  10.123  9.722  9.605  9.549  9.546  9.537  9.495  9.341  9.114  9.102  8.613  7.299  5.880  5.379  5.269  4.870  4.555  4.341  3.973 2222222222222222222 1111111111111111111
 20100717 1200  10.160 10.026  9.819  9.595  9.587  9.566  9.462  9.328  9.118  9.113  8.585  7.219  5.878  5.377  5.253  4.865  4.552  4.320  3.969 2222222222222222222 1111111111111111111
 20100718 1200  10.865 10.227  9.917  9.658  9.625  9.576  9.474  9.301  8.970  8.951  8.504  7.190  5.937  5.385  5.244  4.852  4.513  4.308  3.979 2222222222222222222 1111111111111111111
 20100719 1200  10.768 10.703 10.193  9.693  9.682  9.645  9.546  9.335  8.850  8.800  8.303  7.373  6.051  5.391  5.238  4.857  4.496  4.310  3.983 2222222222222222222 1111111111111111111
 20100720 1200  11.205 11.017 10.392  9.810  9.777  9.702  9.564  9.202  8.622  8.578  8.155  7.507  6.253  5.395  5.235  4.826  4.503  4.309  3.983 2222222222222222222 1111111111111111111
 20100721 1200  11.435 11.366 10.688  9.835  9.704  9.625  9.478  9.216  8.606  8.583  8.123  7.481  6.304  5.401  5.239  4.772  4.512  4.308  3.977 2222222222222222222 1111111111111111111
 20100722 1200  11.131 11.127 11.002 10.338 10.147  9.835  9.513  9.212  8.746  8.719  8.295  7.495  6.340  5.432  5.244  4.797  4.520  4.322  3.974 2222222222222222222 1111111111111111111
 20100723 1200  10.802 10.795 10.783 10.588 10.527 10.368  9.882  9.333  8.861  8.797  8.310  7.432  6.098  5.438  5.256  4.776  4.503  4.321  3.973 2222222222222222222 1111111111111111111
 20100724 1200  10.957 10.940 10.901 10.744 10.729 10.638 10.206  9.623  8.909  8.833  8.320  7.350  6.208  5.418  5.249  4.792  4.506  4.320  3.969 2222222222222222222 1111111111111111111
 20100725 1200  11.245 11.112 11.019 10.802 10.756 10.664 10.171  9.495  8.861  8.818  8.315  7.155  6.145  5.424  5.237  4.815  4.519  4.303  3.949 2222222222222222222 1111111111111111111
 20100726 1200  11.902 11.370 11.125 10.943 10.890 10.744 10.208  9.556  8.940  8.908  8.387  7.262  6.141  5.419  5.233  4.796  4.477  4.277  3.937 2222222222222222222 1111111111111111111
 20100727 1200  12.303 11.600 11.219 10.993 10.955 10.793 10.139  9.472  8.891  8.872  8.276  7.309  6.232  5.512  5.230  4.783  4.482  4.275  3.947 2222222222222222222 1111111111111111111
 20100728 1200  12.644 12.004 11.362 10.986 10.928 10.740 10.065  9.421  8.823  8.781  8.204  7.260  6.204  5.475  5.246  4.790  4.479  4.281  3.953 2222222222222222222 1111111111111111111
 20100729 1200  12.797 12.519 11.568 11.082 11.033 10.863 10.159  9.395  8.802  8.760  8.177  7.299  6.256  5.550  5.248  4.783  4.495  4.298  3.947 2222222222222222222 1111111111111111111
 20100730 1200  12.624 12.612 12.345 11.134 11.047 10.807 10.054  9.326  8.774  8.723  8.150  7.340  6.312  5.545  5.272  4.755  4.478  4.293  3.946 2222222222222222222 1111111111111111111
 20100731 1200  12.768 12.745 12.671 11.213 11.110 10.758  9.952  9.391  8.771  8.719  8.139  7.357  6.287  5.571  5.276  4.789  4.503  4.292  3.944 2222222222222222222 1111111111111111111
 20100801 1200  13.051 12.933 12.633 11.123 10.993 10.562 10.024  9.440  8.860  8.816  8.257  7.293  6.284  5.622  5.273  4.785  4.487  4.264  3.935 2222222222222222222 1111111111111111111
 20100802 1200  13.672 13.011 12.514 11.026 10.789 10.328  9.676  9.245  8.764  8.759  8.241  7.383  6.446  5.630  5.258  4.826  4.510  4.299  3.936 2222222222222222222 1111111111111111111
 20100803 1200  13.890 13.207 12.644 11.372 11.052 10.583  9.739  9.124  8.713  8.694  8.214  7.409  6.505  5.611  5.261  4.758  4.482  4.282  3.924 2222222222222222222 1111111111111111111
 20100804 1200  14.282 13.571 12.742 11.435 11.188 10.738 10.037  9.401  8.806  8.774  8.250  7.382  6.411  5.587  5.285  4.773  4.496  4.291  3.932 2222222222222222222 1111111111111111111
 20100805 1200  14.319 13.896 12.863 11.260 11.096 10.704  9.940  9.514  8.948  8.910  8.378  7.454  6.467  5.541  5.304  4.748  4.472  4.290  3.946 2222222222222222222 1111111111111111111
 20100806 1200  13.859 13.650 13.023 11.601 11.381 10.986 10.287  9.595  8.902  8.891  8.328  7.525  6.547  5.566  5.285  4.770  4.461  4.274  3.947 2222222222222222222 1111111111111111111
 20100807 1200  13.205 13.139 12.839 11.588 11.365 10.887 10.235  9.594  8.975  8.954  8.433  7.578  6.495  5.614  5.319  4.761  4.455  4.287  3.955 2222222222222222222 1111111111111111111
 20100808 1200  13.096 13.092 12.702 11.474 11.467 10.979 10.280  9.648  8.938  8.910  8.410  7.511  6.304  5.578  5.312  4.718  4.439  4.253  3.953 2222222222222222222 1111111111111111111
 20100809 1200  13.333 13.324 13.293 11.805 11.530 10.887 10.190  9.706  9.054  8.977  8.380  7.425  6.355  5.518  5.305  4.696  4.425  4.250  3.953 2222222222222222222 1111111111111111111
 20100810 1200  13.275 13.265 13.009 11.734 11.458 10.972 10.273  9.729  9.056  8.986  8.352  7.365  6.353  5.574  5.258  4.670  4.426  4.245  3.945 2222222222222222222 1111111111111111111
 20100811 1200  13.471 13.430 13.140 11.821 11.785 11.348 10.420  9.779  9.091  9.038  8.393  7.439  6.445  5.550  5.238  4.685  4.425  4.238  3.951 2222222222222222222 1111111111111111111
 20100812 1200  13.784 13.733 13.410 12.052 11.683 11.089 10.123  9.562  8.984  8.922  8.398  7.489  6.424  5.508  5.200  4.674  4.398  4.222  3.960 2222222222222222222 1111111111111111111
 20100813 1200  14.326 14.094 13.699 12.395 12.214 11.554 10.312  9.609  8.990  8.952  8.378  7.496  6.453  5.476  5.170  4.688  4.395  4.205  3.953 2222222222222222222 1111111111111111111
 20100814 1200  14.741 14.573 14.102 12.553 12.105 11.427 10.339  9.645  9.101  9.017  8.327  7.479  6.338  5.459  5.153  4.682  4.385  4.196  3.953 2222222222222222222 1111111111111111111
 20100815 1200  14.655 14.650 14.625 13.181 12.779 11.731 10.599  9.762  9.112  9.020  8.295  7.442  6.405  5.457  5.175  4.705  4.404  4.213  3.954 2222222222222222222 1111111111111111111
 20100816 1200  14.536 14.522 14.394 13.349 12.821 12.028 10.703  9.742  8.942  8.859  8.201  7.373  6.275  5.452  5.170  4.687  4.412  4.210  3.948 2222222222222222222 1111111111111111111
 20100817 1200  14.508 14.475 14.400 13.248 12.953 12.286 10.960 10.021  9.160  9.114  8.333  7.331  6.364  5.461  5.173  4.689  4.398  4.195  3.948 2222222222222222222 1111111111111111111
 20100818 1200  14.280 14.280 14.276 13.762 13.465 12.254 10.770  9.921  9.136  9.069  8.375  7.357  6.379  5.472  5.175  4.715  4.401  4.189  3.947 2222222222222222222 1111111111111111111
 20100819 1200  14.147 14.150 14.150 14.071 13.647 12.737 10.784  9.823  9.102  9.010  8.283  7.325  6.330  5.444  5.183  4.710  4.401  4.198  3.957 2222222222222222222 1111111111111111111
 20100820 1200  13.919 13.918 13.919 13.463 13.060 12.486 11.345 10.227  9.246  9.151  8.380  7.300  6.330  5.505  5.202  4.707  4.394  4.170  3.964 2222222222222222222 1111111111111111111
 20100821 1200  13.936 13.932 13.919 13.771 13.589 12.926 10.983  9.879  9.155  9.098  8.368  7.294  6.370  5.472  5.197  4.682  4.380  4.163  3.967 2222222222222222222 1111111111111111111
 20100822 1200  13.856 13.854 13.849 13.745 13.784 13.178 11.101  9.971  9.126  9.024  8.368  7.303  6.329  5.440  5.172  4.706  4.427  4.201  3.960 2222222222222222222 1111111111111111111
 20100823 1200  13.808 13.808 13.807 13.780 13.753 13.385 11.211 10.031  9.230  9.147  8.332  7.313  6.264  5.438  5.162  4.677  4.424  4.224  3.961 2222222222222222222 1111111111111111111
 20100824 1200  13.823 13.823 13.820 13.799 13.700 13.195 10.888  9.850  9.155  9.022  8.274  7.313  6.291  5.426  5.183  4.730  4.410  4.224  3.952 2222222222222222222 1111111111111111111
 20100825 1200  13.746 13.747 13.747 13.748 13.692 13.351 11.308  9.950  9.229  9.092  8.371  7.337  6.300  5.428  5.197  4.731  4.402  4.217  3.953 2222222222222222222 1111111111111111111
 20100826 1200  13.628 13.629 13.628 13.632 13.601 13.347 11.430 10.161  9.162  9.084  8.372  7.280  6.364  5.448  5.203  4.739  4.424  4.222  3.959 2222222222222222222 1111111111111111111
 20100827 1200  13.615 13.613 13.610 13.585 13.448 13.220 11.694 10.024  9.255  9.153  8.346  7.237  6.270  5.411  5.180  4.715  4.420  4.223  3.957 2222222222222222222 1111111111111111111
 20100828 1200  13.681 13.680 13.678 13.662 13.658 13.576 11.680 10.228  9.270  9.182  8.402  7.271  6.330  5.426  5.182  4.743  4.421  4.227  3.961 2222222222222222222 1111111111111111111
 20100829 1200  13.647 13.645 13.644 13.628 13.599 13.334 12.120 10.296  9.389  9.291  8.389  7.294  6.268  5.460  5.208  4.762  4.422  4.224  3.959 2222222222222222222 1111111111111111111
 20100830 1200  13.595 13.594 13.595 13.598 13.592 13.501 12.550 10.866  9.611  9.513  8.663  7.284  6.223  5.519  5.210  4.808  4.433  4.229  3.964 2222222222222222222 1111111111111111111
 20100831 1200  13.472 13.474 13.471 13.467 13.465 13.352 12.402 10.425  9.382  9.263  8.552  7.251  6.140  5.457  5.212  4.727  4.395  4.215  3.967 2222222222222222222 1111111111111111111
 20100901 1200  13.495 13.492 13.490 13.480 13.479 13.413 11.445 10.160  9.314  9.226  8.492  7.188  6.144  5.432  5.208  4.765  4.407  4.221  3.960 2222222222222222222 1111111111111111111
 20100902 1200  13.467 13.465 13.459 13.446 13.423 13.071 11.557 10.086  9.100  9.038  8.401  7.201  6.108  5.440  5.209  4.716  4.388  4.219  3.956 2222222222222222222 1111111111111111111
 20100903 1200  13.560 13.568 13.563 13.465 13.447 13.133 11.539 10.096  9.155  9.085  8.290  7.196  6.113  5.455  5.212  4.719  4.395  4.216  3.943 2222222222222222222 1111111111111111111
 20100904 1200  13.597 13.598 13.594 13.558 13.499 13.193 11.743 10.331  9.230  9.153  8.384  7.282  6.093  5.462  5.204  4.719  4.379  4.195  3.935 2222222222222222222 1111111111111111111
 20100905 1200  13.548 13.547 13.546 13.544 13.539 13.505 12.290 10.621  9.411  9.343  8.581  7.322  6.124  5.472  5.182  4.707  4.382  4.224  3.921 2222222222222222222 1111111111111111111
 20100906 1200  13.532 13.531 13.531 13.530 13.528 13.471 12.482 10.620  9.557  9.415  8.574  7.285  6.148  5.476  5.150  4.666  4.365  4.199  3.957 2222222222222222222 1111111111111111111
 20100907 1200  13.528 13.524 13.518 13.517 13.514 13.511 12.977 11.319  9.599  9.438  8.693  7.292  6.243  5.397  5.061  4.653  4.359  4.190  3.955 2222222222222222222 1111111111111111111
 20100908 1200  13.627 13.623 13.613 13.570 13.567 13.549 12.815 11.384  9.881  9.526  8.638  7.335  6.198  5.378  5.007  4.605  4.350  4.185  4.010 2222222222222222222 1111111111111111111
 20100909 1200  13.587 13.588 13.587 13.586 13.582 13.569 12.914 11.481  9.800  9.625  8.712  7.420  6.265  5.255  5.008  4.635  4.363  4.188  4.020 2222222222222222222 1111111111111111111
 20100910 1200  13.522 13.523 13.523 13.523 13.521 13.505 12.875 11.607  9.948  9.630  8.625  7.366  6.188  5.298  4.994  4.609  4.352  4.198  3.988 2222222222222222222 1111111111111111111
 20100911 1200  13.530 13.530 13.523 13.516 13.517 13.515 13.462 12.290  9.825  9.642  8.673  7.338  6.156  5.303  4.981  4.618  4.342  4.218  3.976 2222222222222222222 1111111111111111111
 20100912 1200  13.605 13.608 13.598 13.568 13.564 13.547 13.243 11.560  9.871  9.569  8.498  7.373  6.142  5.323  5.068  4.666  4.356  4.230  3.965 2222222222222222222 1111111111111111111
 20100913 1200  13.712 13.712 13.710 13.695 13.680 13.650 13.284 12.140  9.919  9.743  8.675  7.427  6.210  5.370  5.092  4.756  4.383  4.207  3.968 2222222222222222222 1111111111111111111
 20100914 1200  13.655 13.655 13.655 13.655 13.650 13.649 13.603 12.784 10.303  9.992  8.630  7.419  6.311  5.416  4.956  4.734  4.400  4.215  3.988 2222222222222222222 1111111111111111111
 20100915 1200  13.438 13.437 13.437 13.450 13.437 13.437 13.419 12.795 10.496 10.001  8.630  7.403  6.262  5.393  4.966  4.688  4.432  4.228  4.004 2222222222222222222 1111111111111111111
 20100916 1200  13.244 13.243 13.243 13.243 13.241 13.241 13.239 12.812 10.868 10.319  8.745  7.400  6.173  5.284  4.890  4.673  4.383  4.223  4.003 2222222222222222222 1111111111111111111
 20100917 1200  13.315 13.304 13.295 13.289 13.289 13.286 13.268 13.129 10.717 10.270  8.640  7.416  6.205  5.319  4.899  4.716  4.418  4.213  3.980 2222222222222222222 1111111111111111111
 20100918 1200  13.455 13.451 13.389 13.344 13.342 13.335 13.304 12.645 10.811 10.376  8.682  7.470  6.250  5.328  4.901  4.672  4.457  4.231  3.969 2222222222222222222 1111111111111111111
 20100919 1200  13.413 13.398 13.397 13.380 13.380 13.360 13.343 12.981 11.055 10.732  8.742  7.419  6.281  5.379  4.903  4.692  4.480  4.267  3.981 2222222222222222222 1111111111111111111
 20100920 1200  13.481 13.414 13.393 13.385 13.383 13.380 13.269 12.409 11.023 10.711  8.714  7.323  6.113  5.397  4.920  4.710  4.441  4.261  3.958 2222222222222222222 1111111111111111111
 20100921 1200  13.496 13.470 13.430 13.410 13.409 13.405 13.334 12.593 10.683 10.366  8.639  7.500  6.240  5.479  4.937  4.644  4.400  4.261  3.969 2222222222222222222 1111111111111111111
 20100922 1200  13.403 13.403 13.403 13.401 13.387 13.377 13.257 12.569 10.597 10.055  8.561  7.428  6.253  5.499  4.926  4.643  4.400  4.277  3.968 2222222222222222222 1111111111111111111
 20100923 1200  13.010 13.011 13.012 13.020 13.011 13.010 12.941 12.470 10.540  9.803  8.293  7.188  6.200  5.487  5.000  4.650  4.393  4.257  3.960 2222222222222222222 1111111111111111111
 20100924 1200  12.840 12.841 12.841 12.848 12.841 12.841 12.830 12.755 10.585  9.905  8.075  7.162  6.218  5.455  4.960  4.602  4.365  4.235  3.969 2222222222222222222 1111111111111111111
 20100925 1200  12.376 12.377 12.377 12.389 12.376 12.375 12.363 12.259 11.173 10.848  8.314  7.092  6.139  5.421  4.961  4.645  4.392  4.228  3.977 2222222222222222222 1111111111111111111
 20100926 1200  12.233 12.233 12.233 12.226 12.229 12.230 12.223 12.057 11.001 10.777  8.708  7.272  6.113  5.231  4.953  4.738  4.402  4.234  4.005 2222222222222222222 1111111111111111111
 20100927 1200  12.100 12.097 12.097 12.100 12.093 12.090 12.071 12.000 11.205 11.020  8.828  7.220  6.133  5.291  4.955  4.823  4.452  4.230  4.003 2222222222222222222 1111111111111111111
 20100928 1200  12.026 12.028 12.030 12.030 12.030 12.029 12.025 12.009 11.524 11.230  8.835  7.195  6.080  5.230  4.924  4.607  4.376  4.193  4.006 2222222222222222222 1111111111111111111
 20100929 1200  12.045 12.045 12.040 12.039 12.038 12.036 12.035 12.023 11.682 11.502  9.100  7.276  6.097  5.224  4.936  4.568  4.353  4.185  3.991 2222222222222222222 1111111111111111111
 20100930 1200  12.019 12.017 12.012 12.000 11.998 11.996 11.992 11.982 11.405 11.249  8.919  7.251  6.050  5.242  4.910  4.573  4.318  4.162  3.963 2222222222222222222 1111111111111111111
 20101001 1200  11.653 11.655 11.656 11.673 11.653 11.654 11.646 11.636 11.515 11.420  9.873  7.423  6.193  5.358  4.936  4.603  4.369  4.191  3.971 2222222222222222222 1111111111111111111
 20101002 1200  11.372 11.374 11.375 11.379 11.375 11.375 11.376 11.374 11.329 11.368 10.526  7.240  6.103  5.301  4.904  4.599  4.336  4.159  3.973 2222222222222222222 1111111111111111111
 20101003 1200  11.187 11.188 11.186 11.189 11.182 11.182 11.182 11.180 11.132 11.164 10.756  7.263  6.131  5.280  4.918  4.579  4.318  4.172  3.980 2222222222222222222 1111111111111111111
 20101004 1200  11.153 11.154 11.151 11.148 11.149 11.147 11.143 11.136 11.087 11.130 10.848  7.420  6.120  5.293  4.969  4.673  4.336  4.187  3.947 2222222222222222222 1111111111111111111
 20101005 1200  11.002 11.000 11.000 11.005 11.001 11.000 10.998 10.997 10.950 10.990 10.688  7.549  6.099  5.250  5.037  4.598  4.346  4.205  3.953 2222222222222222222 1111111111111111111
 20101006 1200  10.860 10.863 10.863 10.865 10.859 10.859 10.858 10.858 10.814 10.855 10.727  8.460  6.145  5.260  5.008  4.664  4.378  4.201  3.965 2222222222222222222 1111111111111111111
 20101007 1200  10.859 10.858 10.862 10.860 10.856 10.852 10.849 10.847 10.804 10.847 10.707  8.027  6.043  5.268  4.992  4.730  4.453  4.233  3.985 2222222222222222222 1111111111111111111
 20101008 1200  10.805 10.810 10.809 10.807 10.805 10.805 10.804 10.807 10.764 10.806 10.762  8.447  6.080  5.275  5.027  4.787  4.456  4.242  3.990 2222222222222222222 1111111111111111111
 20101009 1200  10.814 10.815 10.816 10.817 10.816 10.815 10.814 10.813 10.767 10.804 10.535  7.985  6.002  5.272  5.023  4.808  4.451  4.225  3.976 2222222222222222222 1111111111111111111
 20101010 1200  10.685 10.681 10.683 10.689 10.684 10.683 10.685 10.685 10.642 10.675 10.669  8.725  6.056  5.262  4.998  4.775  4.438  4.225  3.982 2222222222222222222 1111111111111111111
 20101011 1200  10.590 10.593 10.594 10.597 10.595 10.595 10.595 10.595 10.555 10.594 10.592  8.420  6.093  5.272  5.051  4.785  4.437  4.246  3.985 2222222222222222222 1111111111111111111
 20101012 1200  10.482 10.488 10.490 10.499 10.491 10.493 10.493 10.493 10.452 10.493 10.489  8.496  6.030  5.281  5.043  4.737  4.426  4.244  4.003 2222222222222222222 1111111111111111111
 20101013 1200  10.413 10.413 10.415 10.414 10.415 10.415 10.415 10.416 10.371 10.415 10.408  8.492  6.045  5.254  5.050  4.699  4.395  4.219  4.010 2222222222222222222 1111111111111111111
 20101014 1200  10.328 10.331 10.332 10.337 10.333 10.333 10.330 10.330 10.287 10.328 10.323  8.536  5.992  5.285  5.064  4.742  4.454  4.252  4.009 2222222222222222222 1111111111111111111
 20101015 1200  10.284 10.285 10.285 10.283 10.285 10.283 10.283 10.282 10.237 10.280 10.270  8.435  6.062  5.297  5.041  4.800  4.503  4.284  4.028 2222222222222222222 1111111111111111111
 20101016 1200  10.270 10.275 10.275 10.274 10.273 10.268 10.263 10.256 10.208 10.248 10.176  7.838  5.880  5.273  5.014  4.783  4.475  4.280  4.020 2222222222222222222 1111111111111111111
 20101017 1200  10.180 10.172 10.174 10.161 10.167 10.162 10.156 10.151 10.102 10.125 10.111  8.435  5.987  5.296  5.074  4.774  4.478  4.295  4.034 2222222222222222222 1111111111111111111
 20101018 1200   9.946  9.942  9.944  9.946  9.944  9.943  9.944  9.941  9.895  9.935  9.728  8.106  6.022  5.305  5.098  4.744  4.434  4.263  4.030 2222222222222222222 1111111111111111111
 20101019 1200   9.759  9.759  9.759  9.767  9.760  9.760  9.760  9.760  9.715  9.756  9.753  9.203  6.153  5.376  5.099  4.725  4.437  4.265  4.024 2222222222222222222 1111111111111111111
 20101020 1200   9.743  9.743  9.744  9.743  9.743  9.743  9.743  9.739  9.691  9.734  9.730  8.988  6.207  5.354  5.000  4.756  4.436  4.235  4.020 2222222222222222222 1111111111111111111
 20101021 1200   9.773  9.773  9.774  9.773  9.774  9.776  9.774  9.772  9.728  9.770  9.767  8.945  6.319  5.363  5.008  4.709  4.420  4.226  4.017 2222222222222222222 1111111111111111111
 20101022 1200   9.760  9.808  9.809  9.788  9.790  9.782  9.776  9.774  9.732  9.773  9.773  8.994  6.157  5.324  5.009  4.718  4.408  4.224  4.002 2222222222222222222 1111111111111111111
 20101023 1200   9.742  9.748  9.755  9.758  9.754  9.754  9.751  9.750  9.706  9.748  9.747  8.808  6.025  5.272  5.015  4.717  4.397  4.233  3.990 2222222222222222222 1111111111111111111
 20101024 1200   9.677  9.677  9.680  9.691  9.689  9.693  9.693  9.694  9.651  9.694  9.695  8.711  6.115  5.265  5.033  4.743  4.408  4.248  3.986 2222222222222222222 1111111111111111111
 20101025 1200   9.478  9.479  9.480  9.484  9.482  9.482  9.482  9.480  9.437  9.480  9.481  8.793  6.213  5.269  5.032  4.648  4.397  4.232  3.988 2222222222222222222 1111111111111111111
 20101026 1200   9.392  9.390  9.389  9.394  9.390  9.390  9.391  9.390  9.346  9.390  9.387  8.871  6.188  5.316  5.015  4.598  4.400  4.230  3.980 2222222222222222222 1111111111111111111
 20101027 1200   9.341  9.342  9.343  9.333  9.337  9.337  9.335  9.334  9.290  9.333  9.333  8.947  6.006  5.295  5.008  4.599  4.396  4.234  3.979 2222222222222222222 1111111111111111111
 20101028 1200   9.405  9.408  9.408  9.402  9.404  9.403  9.388  9.362  9.300  9.342  9.328  9.090  6.278  5.335  5.017  4.595  4.373  4.221  3.987 2222222222222222222 1111111111111111111
 20101029 1200   9.417  9.415  9.415  9.421  9.417  9.416  9.417  9.411  9.363  9.405  9.400  9.006  6.133  5.318  4.990  4.592  4.353  4.214  3.985 2222222222222222222 1111111111111111111
 20101030 1200   9.384  9.388  9.389  9.392  9.391  9.391  9.391  9.390  9.347  9.390  9.391  8.938  6.246  5.333  4.994  4.606  4.358  4.205  3.980 2222222222222222222 1111111111111111111
 20101031 1200   9.256  9.257  9.259  9.265  9.260  9.260  9.261  9.260  9.216  9.258  9.250  8.717  6.315  5.361  4.988  4.610  4.338  4.177  3.952 2222222222222222222 1111111111111111111
 20101101 1200   9.044  9.043  9.045  9.049  9.045  9.046  9.047  9.046  9.001  9.047  9.046  9.020  6.142  5.327  4.970  4.596  4.338  4.187  3.950 2222222222222222222 1111111111111111111
 20101102 1200   8.986  8.988  8.989  8.990  8.989  8.989  8.988  8.988  8.946  8.990  8.991  8.986  5.983  5.273  4.947  4.567  4.327  4.171  3.934 2222222222222222222 1111111111111111111
 20101103 1200   8.984  8.986  8.987  8.990  8.988  8.987  8.988  8.988  8.941  8.986  8.980  8.859  5.987  5.261  4.969  4.567  4.360  4.219  3.982 2222222222222222222 1111111111111111111
 20101104 1200   8.830  8.834  8.835  8.838  8.838  8.839  8.839  8.838  8.794  8.838  8.839  8.669  5.875  5.204  4.927  4.533  4.348  4.223  3.988 2222222222222222222 1111111111111111111
 20101105 1200   8.742  8.741  8.742  8.748  8.743  8.744  8.744  8.743  8.700  8.743  8.745  8.630  5.871  5.218  4.912  4.554  4.322  4.187  3.988 2222222222222222222 1111111111111111111
 20101106 1200   8.664  8.667  8.667  8.672  8.669  8.671  8.671  8.670  8.627  8.672  8.672  8.664  5.920  5.211  4.908  4.574  4.290  4.141  3.995 2222222222222222222 1111111111111111111
 20101107 1200   8.554  8.557  8.557  8.562  8.558  8.558  8.559  8.560  8.516  8.561  8.562  8.560  5.963  5.208  5.044  4.582  4.321  4.141  3.995 2222222222222222222 1111111111111111111
 20101108 1200   8.484  8.486  8.488  8.489  8.488  8.489  8.489  8.490  8.446  8.490  8.492  8.478  6.022  5.206  4.938  4.544  4.335  4.169  3.985 2222222222222222222 1111111111111111111
 20101109 1200   8.450  8.451  8.450  8.454  8.451  8.451  8.452  8.452  8.408  8.452  8.452  8.446  5.940  5.199  4.885  4.519  4.288  4.173  3.981 2222222222222222222 1111111111111111111
 20101110 1200   8.380  8.385  8.388  8.393  8.390  8.390  8.390  8.390  8.344  8.390  8.389  8.360  6.248  5.228  4.906  4.530  4.353  4.215  3.967 2222222222222222222 1111111111111111111
 20101111 1200   8.225  8.228  8.229  8.233  8.230  8.230  8.232  8.230  8.184  8.231  8.231  8.217  6.700  5.193  4.864  4.536  4.340  4.215  3.965 2222222222222222222 1111111111111111111
 20101112 1200   8.061  8.059  8.060  8.064  8.060  8.060  8.060  8.060  8.015  8.061  8.061  8.054  6.933  5.228  4.874  4.535  4.339  4.204  3.953 2222222222222222222 1111111111111111111
 20101113 1200   8.043  8.043  8.043  8.043  8.043  8.043  8.043  8.043  7.996  8.044  8.043  8.040  6.828  5.188  4.837  4.500  4.304  4.185  3.977 2222222222222222222 1111111111111111111
 20101114 1200   8.044  8.042  8.042  8.043  8.042  8.042  8.042  8.041  7.995  8.042  8.041  8.038  7.004  5.172  4.852  4.502  4.318  4.184  3.949 2222222222222222222 1111111111111111111
 20101115 1200   8.050  8.051  8.052  8.052  8.051  8.052  8.053  8.052  8.004  8.050  8.048  8.043  6.880  5.164  4.860  4.512  4.313  4.191  3.949 2222222222222222222 1111111111111111111
 20101116 1200   7.988  8.002  8.013  8.027  8.024  8.026  8.028  8.028  7.982  8.028  8.029  8.018  6.857  5.109  4.863  4.482  4.288  4.150  3.948 2222222222222222222 1111111111111111111
 20101117 1200   7.987  7.988  7.991  7.990  7.992  7.992  7.993  7.992  7.947  7.995  7.995  7.977  6.838  5.124  4.898  4.515  4.305  4.180  3.983 2222222222222222222 1111111111111111111
 20101118 1200   7.931  7.935  7.937  7.940  7.938  7.938  7.939  7.940  7.893  7.941  7.942  7.942  7.050  5.160  5.021  4.652  4.333  4.180  3.994 2222222222222222222 1111111111111111111
 20101119 1200   7.886  7.887  7.889  7.890  7.889  7.889  7.890  7.890  7.844  7.890  7.892  7.892  7.066  5.142  4.989  4.587  4.316  4.193  3.987 2222222222222222222 1111111111111111111
 20101120 1200   7.859  7.861  7.862  7.863  7.863  7.864  7.864  7.864  7.817  7.866  7.865  7.867  7.223  5.160  5.023  4.653  4.340  4.181  3.990 2222222222222222222 1111111111111111111
 20101121 1200   7.829  7.831  7.832  7.835  7.833  7.833  7.834  7.834  7.787  7.835  7.837  7.839  7.149  5.128  5.008  4.620  4.325  4.170  3.987 2222222222222222222 1111111111111111111
 20101122 1200   7.803  7.805  7.805  7.809  7.807  7.807  7.808  7.808  7.762  7.810  7.811  7.812  7.303  5.138  5.038  4.617  4.309  4.153  3.986 2222222222222222222 1111111111111111111
 20101123 1200   7.789  7.789  7.790  7.791  7.790  7.791  7.791  7.790  7.742  7.790  7.791  7.793  7.281  5.184  4.926  4.524  4.287  4.136  3.996 2222222222222222222 1111111111111111111
 20101124 1200   7.794  7.794  7.794  7.797  7.794  7.796  7.797  7.796  7.749  7.797  7.797  7.797  7.227  5.217  4.796  4.525  4.304  4.139  3.997 2222222222222222222 1111111111111111111
 20101125 1200   7.767  7.770  7.771  7.773  7.773  7.772  7.773  7.773  7.726  7.775  7.775  7.776  7.321  5.184  4.847  4.565  4.303  4.158  3.999 2222222222222222222 1111111111111111111
 20101126 1200   7.710  7.713  7.715  7.716  7.715  7.715  7.717  7.717  7.670  7.718  7.719  7.720  7.586  5.203  4.840  4.605  4.332  4.150  3.991 2222222222222222222 1111111111111111111
 20101127 1200   7.647  7.649  7.650  7.651  7.652  7.652  7.653  7.653  7.605  7.654  7.655  7.655  7.236  5.282  4.827  4.529  4.288  4.126  3.968 2222222222222222222 1111111111111111111
 20101128 1200   7.626  7.625  7.628  7.630  7.629  7.629  7.630  7.630  7.583  7.630  7.633  7.635  7.415  5.253  4.843  4.503  4.276  4.171  3.953 2222222222222222222 1111111111111111111
 20101129 1200   7.615  7.617  7.619  7.621  7.620  7.620  7.620  7.619  7.570  7.620  7.620  7.618  7.570  5.256  4.822  4.510  4.282  4.188  3.947 2222222222222222222 1111111111111111111
 20101130 1200   7.521  7.523  7.525  7.529  7.527  7.527  7.528  7.529  7.481  7.530  7.529  7.531  7.422  5.357  4.860  4.509  4.302  4.189  3.961 2222222222222222222 1111111111111111111
 20101201 1200   7.448  7.451  7.452  7.453  7.454  7.453  7.454  7.453  7.405  7.454  7.455  7.457  7.403  5.282  4.853  4.507  4.295  4.206  3.961 2222222222222222222 1111111111111111111
 20101202 1200   7.421  7.422  7.423  7.426  7.424  7.424  7.425  7.425  7.378  7.428  7.431  7.431  7.346  5.419  4.843  4.507  4.296  4.162  3.965 2222222222222222222 1111111111111111111
 20101203 1200  -9.999 -9.999 -9.999 -9.999 -9.999 -9.999 -9.999 -9.999 -9.999 -9.999 -9.999 -9.999 -9.999 -9.999 -9.999 -9.999 -9.999 -9.999 -9.999 0000000000000000000 0000000000000000000
 20101204 1200   7.375  7.377  7.378  7.378  7.380  7.380  7.379  7.381  7.337  7.385  7.392  7.398  7.396  5.305  4.869  4.498  4.317  4.163  3.961 2222222222222222222 1111111111111111111
 20101205 1200   7.388  7.388  7.389  7.389  7.389  7.389  7.389  7.389  7.340  7.391  7.392  7.395  7.384  5.438  4.883  4.508  4.313  4.174  3.960 2222222222222222222 1111111111111111111
 20101206 1200   7.368  7.369  7.372  7.373  7.372  7.372  7.373  7.373  7.325  7.374  7.375  7.379  7.375  5.489  4.881  4.503  4.315  4.168  3.969 2222222222222222222 1111111111111111111
 20101207 1200   7.333  7.336  7.338  7.343  7.339  7.340  7.341  7.340  7.291  7.341  7.343  7.345  7.310  5.227  4.857  4.491  4.300  4.148  3.973 2222222222222222222 1111111111111111111
 20101208 1200   7.302  7.302  7.303  7.305  7.304  7.304  7.304  7.304  7.255  7.305  7.307  7.304  7.284  5.371  4.900  4.525  4.284  4.145  3.983 2222222222222222222 1111111111111111111
 20101209 1200   7.252  7.252  7.253  7.257  7.253  7.253  7.253  7.253  7.205  7.255  7.255  7.255  7.228  5.144  4.942  4.485  4.262  4.143  3.987 2222222222222222222 1111111111111111111
 20101210 1200   7.214  7.215  7.217  7.220  7.218  7.219  7.221  7.221  7.173  7.223  7.225  7.225  7.183  5.136  4.926  4.495  4.260  4.135  3.991 2222222222222222222 1111111111111111111
 20101211 1200   7.182  7.185  7.185  7.192  7.192  7.192  7.194  7.196  7.149  7.200  7.205  7.208  7.184  5.182  4.845  4.480  4.267  4.131  3.979 2222222222222222222 1111111111111111111
 20101212 1200   7.149  7.152  7.157  7.162  7.165  7.168  7.172  7.175  7.130  7.181  7.185  7.191  7.190  5.278  4.824  4.480  4.287  4.150  4.000 2222222222222222222 1111111111111111111
 20101213 1200   7.111  7.115  7.117  7.121  7.120  7.122  7.127  7.130  7.084  7.135  7.142  7.157  7.174  5.402  4.843  4.481  4.298  4.168  3.995 2222222222222222222 1111111111111111111
 20101214 1200   7.080  7.082  7.085  7.087  7.086  7.087  7.088  7.088  7.038  7.089  7.090  7.092  7.070  5.356  4.849  4.492  4.305  4.168  4.008 2222222222222222222 1111111111111111111
 20101215 1200   7.022  7.028  7.029  7.030  7.030  7.031  7.032  7.031  6.981  7.034  7.034  7.038  7.041  5.417  4.935  4.504  4.281  4.140  3.993 2222222222222222222 1111111111111111111
 20101216 1200   6.947  6.957  6.960  6.962  6.961  6.964  6.965  6.966  6.917  6.968  6.970  6.976  6.979  5.339  4.894  4.483  4.260  4.116  3.989 2222222222222222222 1111111111111111111
 20101217 1200   6.892  6.900  6.900  6.905  6.905  6.905  6.907  6.910  6.861  6.912  6.916  6.920  6.926  5.271  4.906  4.527  4.272  4.161  3.995 2222222222222222222 1111111111111111111
 20101218 1200   6.850  6.850  6.852  6.855  6.854  6.855  6.856  6.857  6.806  6.860  6.860  6.863  6.863  5.224  4.952  4.580  4.322  4.164  3.987 2222222222222222222 1111111111111111111
 20101219 1200   6.802  6.806  6.808  6.809  6.808  6.810  6.810  6.810  6.759  6.810  6.813  6.814  6.815  5.196  4.955  4.574  4.314  4.160  3.977 2222222222222222222 1111111111111111111
 20101220 1200   6.751  6.755  6.756  6.759  6.757  6.757  6.758  6.759  6.707  6.760  6.763  6.763  6.762  5.282  4.969  4.533  4.310  4.171  3.975 2222222222222222222 1111111111111111111
 20101221 1200   6.719  6.724  6.726  6.727  6.726  6.726  6.728  6.729  6.676  6.730  6.733  6.733  6.734  5.269  4.968  4.534  4.308  4.164  3.975 2222222222222222222 1111111111111111111
 20101222 1200   6.677  6.687  6.692  6.693  6.695  6.696  6.698  6.698  6.646  6.700  6.702  6.706  6.713  5.330  4.980  4.525  4.310  4.163  3.972 2222222222222222222 1111111111111111111
 20101223 1200   6.648  6.657  6.659  6.661  6.661  6.662  6.662  6.663  6.612  6.664  6.666  6.668  6.669  5.338  4.985  4.558  4.301  4.160  3.974 2222222222222222222 1111111111111111111
 20101224 1200   6.645  6.648  6.648  6.648  6.648  6.649  6.649  6.650  6.598  6.651  6.652  6.652  6.635  5.246  4.960  4.529  4.285  4.156  3.978 2222222222222222222 1111111111111111111
 20101225 1200   6.555  6.596  6.608  6.612  6.615  6.616  6.616  6.615  6.562  6.617  6.617  6.618  6.613  5.073  4.898  4.493  4.274  4.131  3.971 2222222222222222222 1111111111111111111
 20101226 1200   6.545  6.556  6.557  6.563  6.560  6.560  6.560  6.561  6.512  6.562  6.566  6.572  6.579  5.106  4.898  4.514  4.275  4.137  3.966 2222222222222222222 1111111111111111111
 20101227 1200   6.478  6.483  6.485  6.490  6.485  6.487  6.488  6.489  6.434  6.490  6.490  6.493  6.480  5.103  4.863  4.480  4.271  4.136  3.965 2222222222222222222 1111111111111111111
 20101228 1200   6.405  6.408  6.411  6.416  6.412  6.412  6.413  6.414  6.361  6.418  6.418  6.419  6.408  5.157  4.857  4.496  4.262  4.120  3.966 2222222222222222222 1111111111111111111
 20101229 1200   6.342  6.343  6.344  6.345  6.345  6.345  6.346  6.346  6.292  6.347  6.348  6.350  6.306  5.167  4.889  4.471  4.226  4.097  3.968 2222222222222222222 1111111111111111111
 20101230 1200   6.328  6.329  6.329  6.330  6.330  6.330  6.330  6.330  6.274  6.330  6.331  6.330  6.287  5.175  4.887  4.476  4.214  4.089  3.966 2222222222222222222 1111111111111111111
 20101231 1200   6.330  6.331  6.331  6.332  6.332  6.332  6.332  6.332  6.278  6.333  6.331  6.330  6.291  5.280  4.906  4.464  4.235  4.095  3.961 2222222222222222222 1111111111111111111
 20110101 1200   6.308  6.309  6.310  6.311  6.310  6.312  6.312  6.312  6.257  6.314  6.315  6.315  6.312  5.161  4.859  4.447  4.238  4.091  3.963 2222222222222222222 1111111111111111111
 20110102 1200   6.296  6.298  6.300  6.302  6.301  6.302  6.303  6.303  6.246  6.304  6.304  6.305  6.281  5.246  4.871  4.482  4.243  4.110  3.962 2222222222222222222 1111111111111111111
 20110103 1200   6.303  6.302  6.303  6.303  6.303  6.303  6.303  6.303  6.249  6.303  6.305  6.305  6.298  5.238  4.897  4.485  4.269  4.129  3.961 2222222222222222222 1111111111111111111
 20110104 1200   6.302  6.302  6.303  6.305  6.303  6.304  6.304  6.305  6.253  6.305  6.305  6.307  6.294  5.175  4.865  4.487  4.248  4.113  3.960 2222222222222222222 1111111111111111111
 20110105 1200   6.264  6.268  6.269  6.273  6.271  6.272  6.275  6.276  6.223  6.279  6.282  6.284  6.282  5.184  4.862  4.495  4.255  4.124  3.963 2222222222222222222 1111111111111111111
 20110106 1200   6.213  6.219  6.220  6.220  6.221  6.221  6.222  6.222  6.168  6.224  6.225  6.227  6.212  5.180  4.759  4.483  4.253  4.126  3.964 2222222222222222222 1111111111111111111
 20110107 1200   6.187  6.189  6.190  6.192  6.191  6.192  6.193  6.192  6.138  6.193  6.195  6.197  6.195  5.136  4.720  4.467  4.261  4.123  3.958 2222222222222222222 1111111111111111111
 20110108 1200   6.163  6.165  6.168  6.170  6.170  6.170  6.170  6.170  6.117  6.171  6.173  6.176  6.184  5.138  4.720  4.468  4.265  4.176  3.957 2222222222222222222 1111111111111111111
 20110109 1200   6.138  6.142  6.144  6.147  6.145  6.146  6.146  6.147  6.093  6.150  6.152  6.154  6.165  5.089  4.744  4.472  4.257  4.151  3.967 2222222222222222222 1111111111111111111
 20110110 1200   6.115  6.118  6.120  6.121  6.121  6.122  6.122  6.122  6.067  6.123  6.126  6.136  6.136  5.151  4.790  4.484  4.271  4.155  3.965 2222222222222222222 1111111111111111111
 20110111 1200   6.062  6.063  6.065  6.067  6.065  6.065  6.066  6.068  6.013  6.069  6.069  6.068  6.032  5.117  4.850  4.520  4.290  4.164  3.965 2222222222222222222 1111111111111111111
 20110112 1200   6.014  6.017  6.018  6.022  6.020  6.021  6.020  6.020  5.965  6.022  6.023  6.022  6.021  5.121  4.863  4.510  4.279  4.164  3.972 2222222222222222222 1111111111111111111
 20110113 1200   5.972  5.977  5.979  5.981  5.983  5.984  5.988  5.991  5.937  5.993  5.999  6.005  6.021  5.111  4.844  4.469  4.280  4.156  3.971 2222222222222222222 1111111111111111111
 20110114 1200   5.954  5.955  5.955  5.956  5.955  5.956  5.956  5.957  5.900  5.957  5.959  5.961  5.963  5.246  4.827  4.502  4.295  4.186  3.962 2222222222222222222 1111111111111111111
 20110115 1200   5.946  5.948  5.948  5.950  5.948  5.948  5.949  5.948  5.892  5.948  5.949  5.946  5.931  5.055  4.807  4.508  4.263  4.113  3.955 2222222222222222222 1111111111111111111
 20110116 1200   5.950  5.947  5.947  5.945  5.945  5.946  5.946  5.945  5.889  5.946  5.946  5.943  5.920  5.082  4.815  4.500  4.270  4.102  3.954 2222222222222222222 1111111111111111111
 20110117 1200   5.910  5.915  5.918  5.919  5.920  5.920  5.925  5.931  5.875  5.932  5.932  5.932  5.862  5.165  4.797  4.514  4.253  4.095  3.953 2222222222222222222 1111111111111111111
 20110118 1200   5.896  5.900  5.901  5.905  5.905  5.906  5.910  5.912  5.860  5.918  5.919  5.925  5.920  5.206  4.810  4.500  4.253  4.100  3.954 2222222222222222222 1111111111111111111
 20110119 1200   5.921  5.921  5.920  5.920  5.920  5.921  5.921  5.921  5.865  5.922  5.923  5.926  5.924  5.254  4.828  4.520  4.259  4.117  3.955 2222222222222222222 1111111111111111111
 20110120 1200   5.945  5.943  5.943  5.942  5.943  5.942  5.942  5.940  5.885  5.942  5.941  5.937  5.930  5.354  4.860  4.517  4.252  4.112  3.954 2222222222222222222 1111111111111111111
 20110121 1200   5.939  5.939  5.940  5.940  5.940  5.940  5.940  5.940  5.883  5.941  5.941  5.940  5.936  5.369  4.885  4.492  4.266  4.115  3.954 2222222222222222222 1111111111111111111
 20110122 1200   5.941  5.939  5.941  5.940  5.940  5.940  5.940  5.940  5.884  5.941  5.941  5.941  5.935  5.357  4.876  4.510  4.251  4.099  3.954 2222222222222222222 1111111111111111111
 20110123 1200   5.941  5.938  5.939  5.936  5.938  5.937  5.936  5.936  5.881  5.938  5.939  5.938  5.935  5.453  4.856  4.502  4.256  4.108  3.960 2222222222222222222 1111111111111111111
 20110124 1200   5.940  5.938  5.939  5.940  5.939  5.939  5.940  5.938  5.883  5.940  5.940  5.938  5.932  5.375  4.857  4.496  4.276  4.135  3.952 2222222222222222222 1111111111111111111
 20110125 1200   5.947  5.947  5.947  5.947  5.947  5.947  5.947  5.948  5.891  5.948  5.949  5.950  5.945  5.342  4.863  4.515  4.280  4.128  3.954 2222222222222222222 1111111111111111111
 20110126 1200   5.944  5.948  5.949  5.950  5.950  5.952  5.951  5.952  5.897  5.954  5.955  5.956  5.951  5.226  4.869  4.496  4.238  4.095  3.948 2222222222222222222 1111111111111111111
 20110127 1200   5.910  5.923  5.926  5.928  5.930  5.931  5.931  5.930  5.875  5.933  5.933  5.941  5.935  5.335  4.908  4.509  4.257  4.105  3.949 2222222222222222222 1111111111111111111
 20110128 1200   5.913  5.912  5.914  5.913  5.914  5.915  5.915  5.915  5.858  5.916  5.916  5.916  5.916  5.223  4.883  4.537  4.276  4.115  3.948 2222222222222222222 1111111111111111111
 20110129 1200   5.907  5.907  5.908  5.907  5.908  5.908  5.909  5.908  5.852  5.910  5.910  5.911  5.840  5.236  4.890  4.501  4.253  4.113  3.944 2222222222222222222 1111111111111111111
 20110130 1200   5.898  5.898  5.898  5.899  5.898  5.899  5.899  5.898  5.843  5.900  5.900  5.900  5.878  5.286  4.878  4.518  4.267  4.124  3.949 2222222222222222222 1111111111111111111
 20110131 1200   5.900  5.900  5.900  5.901  5.901  5.900  5.900  5.898  5.842  5.899  5.898  5.897  5.889  5.310  4.865  4.510  4.258  4.086  3.944 2222222222222222222 1111111111111111111
 20110201 1200   5.900  5.900  5.900  5.901  5.900  5.900  5.900  5.900  5.843  5.900  5.900  5.896  5.893  5.314  4.854  4.509  4.262  4.121  3.948 2222222222222222222 1111111111111111111
 20110202 1200   5.907  5.904  5.904  5.905  5.905  5.905  5.905  5.905  5.849  5.906  5.906  5.907  5.902  5.256  4.850  4.540  4.311  4.150  3.949 2222222222222222222 1111111111111111111
 20110203 1200   5.890  5.898  5.900  5.902  5.901  5.901  5.902  5.902  5.847  5.904  5.905  5.895  5.872  5.260  4.875  4.558  4.359  4.207  3.944 2222222222222222222 1111111111111111111
 20110204 1200   5.875  5.880  5.880  5.883  5.882  5.883  5.883  5.883  5.828  5.884  5.884  5.885  5.853  5.149  4.832  4.541  4.354  4.219  3.943 2222222222222222222 1111111111111111111
 20110205 1200   5.882  5.882  5.882  5.880  5.880  5.880  5.880  5.880  5.822  5.880  5.881  5.885  5.867  5.236  4.854  4.568  4.365  4.219  3.947 2222222222222222222 1111111111111111111
 20110206 1200   5.923  5.921  5.918  5.915  5.916  5.915  5.914  5.913  5.855  5.912  5.911  5.911  5.895  5.206  4.883  4.540  4.329  4.179  3.952 2222222222222222222 1111111111111111111
 20110207 1200   5.916  5.918  5.919  5.919  5.920  5.920  5.921  5.919  5.863  5.920  5.918  5.910  5.872  5.214  4.887  4.530  4.324  4.171  3.950 2222222222222222222 1111111111111111111
 20110208 1200   5.893  5.891  5.891  5.893  5.891  5.892  5.892  5.892  5.837  5.894  5.895  5.898  5.886  5.223  4.857  4.506  4.316  4.172  3.956 2222222222222222222 1111111111111111111
 20110209 1200   5.910  5.910  5.910  5.911  5.910  5.911  5.910  5.910  5.854  5.910  5.910  5.909  5.879  5.208  4.872  4.517  4.293  4.163  3.950 2222222222222222222 1111111111111111111
 20110210 1200   5.913  5.912  5.913  5.912  5.912  5.913  5.913  5.913  5.858  5.916  5.916  5.908  5.878  5.282  4.875  4.547  4.326  4.179  3.957 2222222222222222222 1111111111111111111
 20110211 1200   5.917  5.917  5.919  5.920  5.919  5.919  5.920  5.920  5.863  5.922  5.923  5.926  5.896  5.179  4.864  4.539  4.292  4.142  3.953 2222222222222222222 1111111111111111111
 20110212 1200   5.914  5.915  5.918  5.920  5.918  5.918  5.919  5.918  5.864  5.920  5.920  5.924  5.919  5.194  4.885  4.559  4.299  4.146  3.959 2222222222222222222 1111111111111111111
 20110213 1200   5.878  5.880  5.881  5.882  5.882  5.882  5.883  5.882  5.828  5.884  5.885  5.887  5.884  5.211  4.867  4.510  4.305  4.165  3.963 2222222222222222222 1111111111111111111
 20110214 1200   5.813  5.820  5.821  5.826  5.823  5.825  5.825  5.825  5.768  5.826  5.827  5.828  5.820  5.256  4.875  4.476  4.261  4.153  3.954 2222222222222222222 1111111111111111111
 20110215 1200   5.762  5.765  5.768  5.772  5.769  5.771  5.772  5.773  5.717  5.775  5.777  5.779  5.777  5.235  4.842  4.446  4.222  4.140  3.956 2222222222222222222 1111111111111111111
 20110216 1200   5.699  5.703  5.705  5.705  5.705  5.705  5.705  5.706  5.648  5.707  5.708  5.711  5.707  5.180  4.790  4.435  4.221  4.145  3.949 2222222222222222222 1111111111111111111
 20110217 1200   5.637  5.640  5.642  5.644  5.644  5.644  5.644  5.643  5.586  5.645  5.645  5.646  5.648  5.166  4.773  4.432  4.222  4.122  3.959 2222222222222222222 1111111111111111111
 20110218 1200   5.626  5.627  5.627  5.628  5.628  5.629  5.629  5.628  5.570  5.628  5.628  5.628  5.624  5.017  4.773  4.438  4.196  4.085  3.949 2222222222222222222 1111111111111111111
 20110219 1200   5.613  5.614  5.615  5.612  5.613  5.613  5.613  5.613  5.553  5.612  5.612  5.612  5.611  5.028  4.785  4.473  4.225  4.088  3.947 2222222222222222222 1111111111111111111
 20110220 1200   5.583  5.585  5.586  5.585  5.587  5.587  5.588  5.588  5.529  5.589  5.590  5.591  5.589  5.061  4.820  4.460  4.226  4.095  3.961 2222222222222222222 1111111111111111111
 20110221 1200   5.598  5.600  5.601  5.601  5.601  5.600  5.601  5.602  5.543  5.604  5.605  5.605  5.603  5.122  4.841  4.468  4.230  4.090  3.965 2222222222222222222 1111111111111111111
 20110222 1200   5.615  5.616  5.617  5.614  5.615  5.615  5.616  5.615  5.556  5.615  5.615  5.616  5.615  5.119  4.848  4.457  4.220  4.090  3.961 2222222222222222222 1111111111111111111
 20110223 1200   5.611  5.613  5.617  5.616  5.617  5.615  5.614  5.612  5.553  5.613  5.613  5.613  5.612  5.179  4.858  4.447  4.241  4.091  3.965 2222222222222222222 1111111111111111111
 20110224 1200   5.580  5.583  5.583  5.586  5.584  5.583  5.584  5.584  5.526  5.585  5.587  5.588  5.590  5.184  4.863  4.474  4.238  4.106  3.959 2222222222222222222 1111111111111111111
 20110225 1200   5.562  5.565  5.565  5.565  5.565  5.566  5.566  5.565  5.508  5.567  5.568  5.568  5.569  5.240  4.906  4.486  4.240  4.099  3.956 2222222222222222222 1111111111111111111
 20110226 1200   5.562  5.565  5.566  5.568  5.566  5.565  5.566  5.567  5.507  5.568  5.566  5.562  5.562  5.320  4.917  4.550  4.310  4.145  3.964 2222222222222222222 1111111111111111111
 20110227 1200   5.519  5.523  5.524  5.526  5.525  5.526  5.526  5.526  5.467  5.526  5.527  5.530  5.530  5.315  4.939  4.587  4.321  4.163  3.963 2222222222222222222 1111111111111111111
 20110228 1200   5.423  5.425  5.427  5.430  5.427  5.427  5.429  5.430  5.370  5.431  5.432  5.432  5.435  5.320  4.918  4.575  4.325  4.151  3.963 2222222222222222222 1111111111111111111
 20110301 1200   5.368  5.370  5.373  5.375  5.377  5.376  5.376  5.377  5.318  5.378  5.378  5.380  5.382  5.296  4.907  4.543  4.317  4.142  3.958 2222222222222222222 1111111111111111111
 20110302 1200   5.334  5.338  5.340  5.341  5.342  5.342  5.344  5.343  5.283  5.343  5.345  5.346  5.347  5.303  4.904  4.556  4.307  4.145  3.960 2222222222222222222 1111111111111111111
 20110303 1200   5.310  5.318  5.321  5.321  5.321  5.320  5.320  5.320  5.260  5.321  5.323  5.323  5.325  5.293  4.878  4.545  4.311  4.152  3.957 2222222222222222222 1111111111111111111
 20110304 1200   5.289  5.294  5.296  5.295  5.296  5.297  5.296  5.295  5.235  5.297  5.296  5.299  5.300  5.288  4.878  4.544  4.302  4.142  3.960 2222222222222222222 1111111111111111111
 20110305 1200   5.278  5.280  5.282  5.283  5.283  5.283  5.282  5.282  5.221  5.283  5.285  5.286  5.285  5.276  4.879  4.550  4.308  4.155  3.964 2222222222222222222 1111111111111111111
 20110306 1200   5.255  5.255  5.256  5.256  5.257  5.256  5.256  5.256  5.197  5.258  5.259  5.259  5.263  5.250  4.864  4.525  4.297  4.148  3.965 2222222222222222222 1111111111111111111
 20110307 1200   5.260  5.260  5.260  5.258  5.259  5.258  5.257  5.254  5.192  5.251  5.251  5.253  5.253  5.238  4.902  4.537  4.287  4.141  3.965 2222222222222222222 1111111111111111111
 20110308 1200   5.254  5.253  5.255  5.257  5.255  5.255  5.254  5.253  5.193  5.253  5.253  5.253  5.255  5.225  4.919  4.543  4.297  4.122  3.966 2222222222222222222 1111111111111111111
 20110309 1200   5.270  5.270  5.270  5.270  5.270  5.269  5.268  5.267  5.205  5.264  5.266  5.263  5.261  5.243  4.914  4.521  4.258  4.109  3.967 2222222222222222222 1111111111111111111
 20110310 1200   5.285  5.285  5.285  5.287  5.283  5.283  5.281  5.274  5.211  5.270  5.266  5.262  5.260  5.207  4.898  4.518  4.264  4.111  3.963 2222222222222222222 1111111111111111111
 20110311 1200   5.283  5.287  5.289  5.279  5.278  5.274  5.265  5.260  5.198  5.259  5.258  5.257  5.260  5.224  4.906  4.511  4.272  4.105  3.961 2222222222222222222 1111111111111111111
 20110312 1200   5.304  5.296  5.294  5.293  5.290  5.290  5.286  5.279  5.216  5.276  5.276  5.264  5.259  5.240  4.909  4.535  4.267  4.103  3.956 2222222222222222222 1111111111111111111
 20110313 1200   5.291  5.289  5.280  5.273  5.274  5.275  5.273  5.272  5.208  5.271  5.269  5.266  5.262  5.236  4.910  4.510  4.264  4.102  3.952 2222222222222222222 1111111111111111111
 20110314 1200   5.250  5.253  5.254  5.255  5.253  5.254  5.255  5.256  5.194  5.255  5.256  5.257  5.256  5.247  4.921  4.519  4.262  4.100  3.953 2222222222222222222 1111111111111111111
 20110315 1200   5.232  5.233  5.233  5.235  5.234  5.234  5.235  5.235  5.175  5.235  5.236  5.239  5.240  5.233  4.897  4.523  4.265  4.105  3.950 2222222222222222222 1111111111111111111
 20110316 1200   5.229  5.229  5.230  5.230  5.228  5.229  5.228  5.228  5.168  5.229  5.227  5.228  5.227  5.227  4.908  4.515  4.275  4.123  3.953 2222222222222222222 1111111111111111111
 20110317 1200   5.236  5.239  5.242  5.240  5.239  5.235  5.230  5.226  5.163  5.224  5.223  5.220  5.222  5.227  4.925  4.494  4.266  4.106  3.954 2222222222222222222 1111111111111111111
 20110318 1200   5.249  5.247  5.243  5.242  5.242  5.242  5.240  5.237  5.177  5.238  5.235  5.230  5.227  5.226  4.898  4.508  4.268  4.117  3.949 2222222222222222222 1111111111111111111
 20110319 1200   5.348  5.346  5.332  5.297  5.300  5.292  5.278  5.271  5.202  5.262  5.254  5.245  5.240  5.233  4.915  4.529  4.274  4.115  3.944 2222222222222222222 1111111111111111111
 20110320 1200   5.379  5.379  5.375  5.358  5.355  5.347  5.332  5.320  5.238  5.298  5.285  5.265  5.252  5.231  4.899  4.500  4.272  4.111  3.944 2222222222222222222 1111111111111111111
 20110321 1200   5.335  5.333  5.334  5.333  5.330  5.330  5.329  5.323  5.255  5.312  5.303  5.286  5.277  5.258  4.901  4.520  4.257  4.115  3.944 2222222222222222222 1111111111111111111
 20110322 1200   5.328  5.326  5.327  5.326  5.325  5.323  5.321  5.320  5.255  5.314  5.311  5.297  5.275  5.249  4.916  4.549  4.318  4.144  3.946 2222222222222222222 1111111111111111111
 20110323 1200   5.315  5.316  5.317  5.317  5.316  5.317  5.318  5.315  5.254  5.315  5.311  5.307  5.291  5.222  4.892  4.537  4.315  4.153  3.945 2222222222222222222 1111111111111111111
 20110324 1200   5.288  5.291  5.292  5.294  5.293  5.293  5.295  5.294  5.235  5.297  5.298  5.297  5.295  5.235  4.900  4.564  4.325  4.165  3.957 2222222222222222222 1111111111111111111
 20110325 1200   5.277  5.275  5.276  5.277  5.276  5.276  5.277  5.276  5.216  5.277  5.278  5.277  5.276  5.181  4.852  4.535  4.319  4.169  3.988 2222222222222222222 1111111111111111111
 20110326 1200   5.264  5.262  5.263  5.264  5.262  5.262  5.263  5.262  5.201  5.263  5.265  5.260  5.258  5.170  4.864  4.540  4.301  4.153  3.992 2222222222222222222 1111111111111111111
 20110327 1200   5.318  5.317  5.312  5.307  5.308  5.307  5.302  5.299  5.237  5.298  5.297  5.296  5.290  5.151  4.860  4.536  4.279  4.135  4.021 2222222222222222222 1111111111111111111
 20110328 1200   5.316  5.314  5.313  5.312  5.309  5.311  5.306  5.304  5.242  5.303  5.300  5.296  5.284  5.153  4.855  4.533  4.292  4.134  4.015 2222222222222222222 1111111111111111111
 20110329 1200   5.335  5.334  5.335  5.332  5.330  5.327  5.321  5.312  5.240  5.301  5.293  5.284  5.267  5.137  4.859  4.560  4.314  4.164  4.013 2222222222222222222 1111111111111111111
 20110330 1200   5.315  5.314  5.315  5.314  5.314  5.314  5.313  5.312  5.251  5.311  5.308  5.301  5.283  5.137  4.854  4.522  4.299  4.152  4.020 2222222222222222222 1111111111111111111
 20110331 1200   5.339  5.338  5.339  5.337  5.339  5.339  5.339  5.338  5.277  5.338  5.334  5.330  5.315  5.126  4.827  4.510  4.302  4.148  4.015 2222222222222222222 1111111111111111111
 20110401 1200   5.358  5.357  5.357  5.359  5.358  5.358  5.358  5.355  5.295  5.356  5.351  5.347  5.329  5.120  4.836  4.535  4.298  4.145  3.995 2222222222222222222 1111111111111111111
 20110402 1200   5.365  5.363  5.365  5.363  5.364  5.363  5.363  5.360  5.299  5.359  5.356  5.352  5.343  5.150  4.846  4.533  4.305  4.153  3.987 2222222222222222222 1111111111111111111
 20110403 1200   5.358  5.358  5.358  5.358  5.358  5.358  5.358  5.357  5.298  5.358  5.359  5.359  5.358  5.207  4.885  4.567  4.319  4.167  3.976 2222222222222222222 1111111111111111111
 20110404 1200   5.345  5.345  5.345  5.346  5.346  5.347  5.347  5.346  5.287  5.347  5.349  5.349  5.350  5.255  4.878  4.557  4.294  4.139  3.967 2222222222222222222 1111111111111111111
 20110405 1200   5.332  5.333  5.335  5.334  5.334  5.334  5.335  5.334  5.274  5.335  5.336  5.337  5.338  5.203  4.823  4.493  4.265  4.127  3.961 2222222222222222222 1111111111111111111
 20110406 1200   5.328  5.329  5.330  5.330  5.330  5.330  5.330  5.329  5.270  5.330  5.330  5.332  5.331  5.254  4.840  4.497  4.270  4.133  3.959 2222222222222222222 1111111111111111111
 20110407 1200   5.327  5.328  5.330  5.330  5.329  5.330  5.329  5.329  5.268  5.329  5.330  5.331  5.330  5.222  4.836  4.526  4.279  4.126  3.965 2222222222222222222 1111111111111111111
 20110408 1200   5.345  5.344  5.343  5.343  5.343  5.343  5.343  5.342  5.282  5.343  5.342  5.341  5.340  5.214  4.850  4.543  4.277  4.131  3.956 2222222222222222222 1111111111111111111
 20110409 1200   5.360  5.358  5.359  5.361  5.359  5.359  5.360  5.359  5.298  5.360  5.360  5.356  5.352  5.254  4.823  4.515  4.280  4.125  3.957 2222222222222222222 1111111111111111111
 20110410 1200   5.359  5.361  5.363  5.362  5.360  5.362  5.363  5.362  5.301  5.363  5.362  5.362  5.359  5.265  4.835  4.527  4.293  4.138  3.959 2222222222222222222 1111111111111111111
 20110411 1200   5.347  5.349  5.350  5.349  5.350  5.350  5.350  5.348  5.287  5.350  5.350  5.352  5.352  5.289  4.824  4.511  4.273  4.128  3.960 2222222222222222222 1111111111111111111
 20110412 1200   5.374  5.375  5.376  5.376  5.375  5.375  5.375  5.375  5.310  5.370  5.365  5.362  5.358  5.234  4.815  4.508  4.313  4.172  3.955 2222222222222222222 1111111111111111111
 20110413 1200   5.360  5.363  5.364  5.366  5.364  5.365  5.364  5.364  5.305  5.365  5.363  5.362  5.361  5.280  4.800  4.511  4.323  4.191  3.952 2222222222222222222 1111111111111111111
 20110414 1200   5.439  5.378  5.373  5.370  5.371  5.370  5.370  5.367  5.307  5.367  5.366  5.363  5.360  5.254  4.790  4.479  4.300  4.178  3.955 2222222222222222222 1111111111111111111
 20110415 1200   5.662  5.504  5.469  5.419  5.412  5.398  5.375  5.365  5.301  5.361  5.358  5.356  5.356  5.233  4.795  4.500  4.311  4.193  3.956 2222222222222222222 1111111111111111111
 20110416 1200   5.718  5.642  5.548  5.474  5.472  5.439  5.392  5.374  5.305  5.364  5.357  5.350  5.350  5.249  4.776  4.505  4.303  4.181  3.959 2222222222222222222 1111111111111111111
 20110417 1200   5.817  5.788  5.698  5.547  5.543  5.509  5.438  5.398  5.320  5.380  5.369  5.358  5.353  5.247  4.776  4.499  4.321  4.185  3.997 2222222222222222222 1111111111111111111
 20110418 1200   5.965  5.943  5.903  5.642  5.627  5.545  5.448  5.412  5.332  5.389  5.374  5.361  5.355  5.253  4.787  4.489  4.332  4.219  4.023 2222222222222222222 1111111111111111111
 20110419 1200   6.135  6.102  6.008  5.740  5.699  5.607  5.487  5.443  5.351  5.408  5.392  5.375  5.364  5.289  4.797  4.497  4.323  4.234  4.011 2222222222222222222 1111111111111111111
 20110420 1200   6.197  6.153  6.093  5.852  5.783  5.663  5.515  5.454  5.355  5.411  5.394  5.380  5.365  5.259  4.810  4.489  4.314  4.226  3.979 2222222222222222222 1111111111111111111
 20110421 1200   6.357  6.300  6.190  5.980  5.936  5.810  5.649  5.522  5.387  5.443  5.421  5.404  5.392  5.293  4.819  4.510  4.328  4.232  3.982 2222222222222222222 1111111111111111111
 20110422 1200   5.883  5.882  5.882  5.885  5.864  5.850  5.804  5.721  5.609  5.653  5.580  5.418  5.377  5.316  4.835  4.507  4.318  4.232  3.983 2222222222222222222 1111111111111111111
 20110423 1200   5.674  5.670  5.669  5.672  5.669  5.668  5.667  5.664  5.604  5.665  5.662  5.644  5.526  5.280  4.808  4.490  4.319  4.217  3.988 2222222222222222222 1111111111111111111
 20110424 1200   5.739  5.736  5.732  5.726  5.725  5.722  5.718  5.712  5.635  5.689  5.665  5.648  5.563  5.284  4.789  4.471  4.287  4.196  3.994 2222222222222222222 1111111111111111111
 20110425 1200   5.813  5.779  5.751  5.719  5.718  5.715  5.705  5.692  5.623  5.677  5.646  5.610  5.546  5.293  4.818  4.475  4.305  4.213  4.015 2222222222222222222 1111111111111111111
 20110426 1200   5.823  5.777  5.773  5.770  5.768  5.768  5.765  5.760  5.683  5.736  5.679  5.621  5.548  5.283  4.800  4.450  4.310  4.208  4.017 2222222222222222222 1111111111111111111
 20110427 1200   5.970  5.895  5.858  5.819  5.807  5.802  5.780  5.762  5.681  5.735  5.664  5.619  5.562  5.352  4.845  4.479  4.303  4.223  4.015 2222222222222222222 1111111111111111111
 20110428 1200   5.914  5.915  5.911  5.906  5.905  5.898  5.885  5.859  5.731  5.773  5.685  5.641  5.589  5.331  4.830  4.488  4.288  4.212  4.015 2222222222222222222 1111111111111111111
 20110429 1200   5.913  5.914  5.914  5.912  5.908  5.906  5.902  5.885  5.778  5.822  5.710  5.618  5.552  5.295  4.838  4.491  4.280  4.196  4.015 2222222222222222222 1111111111111111111
 20110430 1200   5.912  5.917  5.916  5.915  5.913  5.912  5.911  5.909  5.843  5.898  5.775  5.591  5.545  5.342  4.842  4.469  4.268  4.165  4.017 2222222222222222222 1111111111111111111
 20110501 1200   5.949  5.949  5.945  5.941  5.939  5.934  5.919  5.906  5.841  5.897  5.830  5.601  5.526  5.324  4.796  4.470  4.270  4.162  4.051 2222222222222222222 1111111111111111111
 20110502 1200   5.883  5.880  5.880  5.878  5.876  5.877  5.876  5.873  5.812  5.870  5.869  5.845  5.570  5.373  4.785  4.489  4.297  4.181  4.093 2222222222222222222 1111111111111111111
 20110503 1200   5.905  5.903  5.904  5.902  5.899  5.900  5.898  5.891  5.829  5.885  5.872  5.826  5.523  5.359  4.816  4.477  4.286  4.183  4.081 2222222222222222222 1111111111111111111
 20110504 1200   5.916  5.915  5.914  5.913  5.909  5.908  5.905  5.903  5.845  5.902  5.897  5.834  5.570  5.282  4.800  4.462  4.272  4.188  4.066 2222222222222222222 1111111111111111111
 20110505 1200   5.992  5.990  5.988  5.981  5.980  5.972  5.961  5.943  5.871  5.928  5.909  5.887  5.665  5.301  4.808  4.465  4.274  4.181  4.054 2222222222222222222 1111111111111111111
 20110506 1200   6.007  6.006  6.003  6.003  6.003  5.999  5.997  5.988  5.925  5.979  5.972  5.913  5.580  5.308  4.785  4.483  4.270  4.174  4.026 2222222222222222222 1111111111111111111
 20110507 1200   6.118  6.074  6.070  6.066  6.067  6.064  6.060  6.055  5.985  6.036  6.006  5.918  5.438  5.268  4.743  4.450  4.258  4.150  4.012 2222222222222222222 1111111111111111111
 20110508 1200   6.432  6.209  6.146  6.101  6.100  6.090  6.075  6.070  6.004 -9.999  6.014  5.814  5.431  5.271  4.770  4.461  4.245  4.140  4.020 2222222220222222222 1111111110111111111
 20110509 1200   6.258  6.257  6.252  6.235  6.230  6.213  6.155  6.097  6.007  6.055  6.009  5.806  5.460  5.265  4.753  4.432  4.217  4.116  4.036 2222222222222222222 1111111111111111111
 20110510 1200   6.242  6.241  6.240  6.242  6.238  6.237  6.223  6.207  6.125  6.176  6.074  5.863  5.510  5.302  4.785  4.430  4.219  4.100  4.062 2222222222222222222 1111111111111111111
 20110511 1200   6.228  6.229  6.228  6.227  6.226  6.227  6.225  6.223  6.164  6.220  6.194  5.960  5.492  5.290  4.785  4.443  4.243  4.111  4.074 2222222222222222222 1111111111111111111
 20110512 1200   6.255  6.253  6.256  6.253  6.253  6.253  6.249  6.248  6.189  6.246  6.245  6.115  5.465  5.274  4.791  4.440  4.241  4.109  4.030 2222222222222222222 1111111111111111111
 20110513 1200   6.336  6.338  6.333  6.323  6.321  6.320  6.309  6.305  6.235  6.290  6.267  6.102  5.458  5.249  4.788  4.451  4.220  4.104  4.037 2222222222222222222 1111111111111111111
 20110514 1200   6.528  6.520  6.503  6.403  6.377  6.345  6.318  6.306  6.241  6.294  6.279  6.133  5.461  5.278  4.804  4.455  4.214  4.118  4.010 2222222222222222222 1111111111111111111
 20110515 1200   6.494  6.495  6.494  6.481  6.477  6.446  6.390  6.326  6.241  6.293  6.273  6.136  5.465  5.250  4.792  4.437  4.233  4.140  4.022 2222222222222222222 1111111111111111111
 20110516 1200   6.500  6.498  6.499  6.492  6.490  6.491  6.485  6.456  6.288  6.314  6.278  6.136  5.455  5.248  4.805  4.461  4.255  4.147  4.028 2222222222222222222 1111111111111111111
 20110517 1200   6.619  6.615  6.612  6.588  6.579  6.563  6.514  6.471  6.314  6.347  6.267  5.963  5.369  5.177  4.762  4.436  4.247  4.140  4.043 2222222222222222222 1111111111111111111
 20110518 1200   6.688  6.684  6.673  6.653  6.645  6.631  6.596  6.537  6.358  6.387  6.278  6.081  5.371  5.174  4.766  4.435  4.238  4.120  4.043 2222222222222222222 1111111111111111111
 20110519 1200   6.638  6.636  6.634  6.632  6.631  6.629  6.622  6.608  6.480  6.506  6.309  6.102  5.378  5.203  4.766  4.469  4.259  4.126  4.038 2222222222222222222 1111111111111111111
 20110520 1200   6.684  6.684  6.684  6.682  6.680  6.679  6.672  6.664  6.575  6.614  6.435  6.152  5.368  5.160  4.773  4.497  4.277  4.136  4.041 2222222222222222222 1111111111111111111
 20110521 1200   6.683  6.682  6.682  6.677  6.676  6.674  6.669  6.667  6.604  6.649  6.478  6.102  5.384  5.146  4.821  4.509  4.269  4.133  4.053 2222222222222222222 1111111111111111111
 20110522 1200   6.782  6.780  6.779  6.773  6.774  6.767  6.751  6.725  6.636  6.672  6.464  6.028  5.331  5.134  4.830  4.517  4.266  4.140  4.071 2222222222222222222 1111111111111111111
 20110523 1200   6.775  6.774  6.774  6.773  6.771  6.770  6.765  6.757  6.667  6.706  6.499  6.060  5.254  5.069  4.825  4.505  4.267  4.142  4.100 2222222222222222222 1111111111111111111
 20110524 1200   6.711  6.683  6.680  6.674  6.674  6.672  6.672  6.666  6.603  6.651  6.566  5.908  5.202  5.026  4.776  4.493  4.265  4.140  4.100 2222222222222222222 1111111111111111111
 20110525 1200   6.875  6.823  6.769  6.733  6.725  6.714  6.679  6.663  6.586  6.633  6.566  5.893  5.166  5.010  4.760  4.500  4.265  4.136  4.111 2222222222222222222 1111111111111111111
 20110526 1200   6.832  6.826  6.809  6.795  6.790  6.784  6.764  6.738  6.640  6.687  6.592  5.907  5.173  5.023  4.783  4.521  4.310  4.153  4.118 2222222222222222222 1111111111111111111
 20110527 1200   6.972  6.956  6.937  6.922  6.914  6.898  6.873  6.810  6.675  6.713  6.558  5.752  5.226  5.054  4.812  4.504  4.276  4.144  4.118 2222222222222222222 1111111111111111111
 20110528 1200   7.258  7.198  7.048  6.992  6.986  6.968  6.939  6.874  6.706  6.738  6.563  5.872  5.241  5.062  4.825  4.519  4.306  4.143  4.110 2222222222222222222 1111111111111111111
 20110529 1200   7.018  7.015  7.015  7.012  7.013  7.012  7.009  7.004  6.931  6.981  6.807  6.118  5.301  5.077  4.831  4.500  4.291  4.136  4.100 2222222222222222222 1111111111111111111
 20110530 1200   7.027  7.017  7.003  6.990  6.987  6.986  6.982  6.975  6.918  6.957  6.807  5.923  5.245  5.037  4.784  4.441  4.258  4.120  4.093 2222222222222222222 1111111111111111111
 20110531 1200   7.447  7.390  7.153  7.023  7.015  7.002  6.982  6.969  6.905  6.954  6.865  6.040  5.236  5.057  4.783  4.466  4.260  4.112  4.079 2222222222222222222 1111111111111111111
 20110601 1200   7.327  7.326  7.295  7.222  7.216  7.185  7.097  7.037  6.926  6.977  6.893  6.060  5.194  5.007  4.824  4.471  4.251  4.108  4.076 2222222222222222222 1111111111111111111
 20110602 1200   7.323  7.319  7.310  7.298  7.300  7.295  7.261  7.194  7.019  7.053  6.873  6.067  5.154  4.967  4.751  4.471  4.247  4.126  4.068 2222222222222222222 1111111111111111111
 20110603 1200   7.542  7.520  7.448  7.395  7.388  7.376  7.333  7.260  7.068  7.098  6.871  5.981  5.156  4.983  4.780  4.497  4.248  4.131  4.066 2222222222222222222 1111111111111111111
 20110604 1200   7.435  7.432  7.432  7.425  7.424  7.424  7.411  7.340  7.150  7.168  6.762  5.846  5.145  4.957  4.763  4.476  4.251  4.127  4.063 2222222222222222222 1111111111111111111
 20110605 1200   7.665  7.550  7.508  7.444  7.436  7.427  7.416  7.393  7.283  7.310  7.013  5.797  5.160  4.934  4.701  4.474  4.253  4.129  4.061 2222222222222222222 1111111111111111111
 20110606 1200   8.185  7.773  7.700  7.565  7.536  7.503  7.447  7.416  7.284  7.317  7.026  5.879  5.155  4.961  4.706  4.484  4.254  4.133  4.055 2222222222222222222 1111111111111111111
 20110607 1200   7.692  7.676  7.664  7.659  7.654  7.652  7.615  7.530  7.318  7.319  6.961  5.757  5.141  4.967  4.676  4.455  4.252  4.123  4.055 2222222222222222222 1111111111111111111
 20110608 1200   8.013  7.843  7.709  7.678  7.673  7.668  7.642  7.573  7.356  7.360  6.932  5.793  5.133  4.972  4.673  4.420  4.228  4.115  4.050 2222222222222222222 1111111111111111111
 20110609 1200   7.967  7.952  7.865  7.742  7.724  7.688  7.647  7.560  7.301  7.272  6.748  5.715  5.103  4.950  4.681  4.399  4.232  4.115  4.036 2222222222222222222 1111111111111111111
 20110610 1200   8.000  7.990  7.949  7.793  7.771  7.715  7.657  7.565  7.243  7.213  6.761  5.863  5.108  4.976  4.684  4.370  4.223  4.121  4.026 2222222222222222222 1111111111111111111
 20110611 1200   8.158  8.129  8.047  7.876  7.818  7.736  7.619  7.495  7.255  7.255  6.804  5.748  5.083  4.958  4.721  4.409  4.229  4.131  4.025 2222222222222222222 1111111111111111111

