 Time: 1200 12 Jun 2011 to 1200  2 Jun 2012 (index  1466 to  1822,   357 lines, 19 depths)
 Index:              1      2      4      5      6      9     10     11     13     15     16     17     18     19     20     21     22     23     24
 Depth(M):           1      5     10     14     15     20     25     30     35     37     45     60     80    100    120    150    175    200    300 QUALITY SOURCE
 YYYYMMDD HHMM     SST   TEMP   TEMP   TEMP   TEMP   TEMP   TEMP   TEMP   TEMP   TEMP   TEMP   TEMP   TEMP   TEMP   TEMP   TEMP   TEMP   TEMP   TEMP QQQQQQQQQQQQQQQQQQQ SSSSSSSSSSSSSSSSSSS
 20110612 1200   8.066  8.063  8.060  8.026  8.063  7.908  7.756  7.525  7.257  7.187  6.660  5.759  5.166  4.996  4.858  4.404  4.245  4.147  4.029 2222222222222222222 1111111111111111111
 20110613 1200   8.040  8.015  8.015  8.010  8.064  7.999  7.978  7.780  7.267  7.140  6.651  5.912  5.193  5.014  4.907  4.430  4.261  4.155  4.021 2222222222222222222 1111111111111111111
 20110614 1200   8.110  8.088  8.084  8.077  8.130  8.065  8.032  7.922  7.287  7.201  6.706  5.872  5.162  5.018  4.903  4.456  4.251  4.153  4.025 2222222222222222222 1111111111111111111
 20110615 1200   8.160  8.137  8.115  8.091  8.137  8.058  8.040  8.005  7.496  7.295  6.731  5.830  5.193  5.032  4.919  4.466  4.281  4.167  4.028 2222222222222222222 1111111111111111111
 20110616 1200   8.120  8.094  8.091  8.083  8.138  8.073  8.047  7.958  7.650  7.453  6.720  5.846  5.187  5.025  4.923  4.443  4.271  4.171  4.022 2222222222222222222 1111111111111111111
 20110617 1200   8.240  8.208  8.177  8.147  8.197  8.112  8.067  7.981  7.767  7.617  6.645  5.844  5.213  5.026  4.935  4.475  4.295  4.177  4.024 2222222222222222222 1111111111111111111
 20110618 1200   8.440  8.408  8.387  8.312  8.335  8.169  8.082  7.939  7.540  7.429  6.687  5.931  5.272  5.052  4.941  4.475  4.289  4.169  4.025 2222222222222222222 1111111111111111111
 20110619 1200   8.570  8.527  8.489  8.400  8.392  8.130  8.057  7.926  7.531  7.389  6.620  5.880  5.290  5.025  4.920  4.412  4.220  4.157  4.025 2222222222222222222 1111111111111111111
 20110620 1200   8.570  8.550  8.521  8.445  8.465  8.180  8.057  7.891  7.465  7.352  6.686  5.946  5.265  5.042  4.925  4.434  4.222  4.153  4.025 2222222222222222222 1111111111111111111
 20110621 1200   8.670  8.638  8.620  8.600  8.645  8.409  8.097  7.958  7.636  7.503  6.679  5.745  5.165  5.030  4.932  4.434  4.235  4.141  4.026 2222222222222222222 1111111111111111111
 20110622 1200   8.930  8.898  8.822  8.708  8.725  8.497  8.207  7.998  7.594  7.457  6.673  5.752  5.165  5.033  4.923  4.465  4.218  4.142  4.023 2222222222222222222 1111111111111111111
 20110623 1200   9.060  9.028  9.006  8.916  8.911  8.592  8.259  8.034  7.553  7.398  6.703  5.786  5.193  4.982  4.914  4.471  4.229  4.154  4.020 2222222222222222222 1111111111111111111
 20110624 1200   9.150  9.124  9.104  9.060  9.069  8.708  8.348  8.097  7.735  7.655  6.930  6.005  5.253  5.031  4.942  4.476  4.221  4.142  4.020 2222222222222222222 1111111111111111111
 20110625 1200   9.220  9.192  9.184  9.167  9.208  8.768  8.279  8.025  7.588  7.424  6.813  5.979  5.169  5.034  4.925  4.442  4.210  4.126  4.025 2222222222222222222 1111111111111111111
 20110626 1200   9.470  9.324  9.224  9.184  9.213  8.824  8.196  7.869  7.565  7.481  6.756  5.662  5.021  4.852  4.847  4.425  4.217  4.130  4.023 2222222222222222222 1111111111111111111
 20110627 1200   9.600  9.507  9.446  9.223  9.203  8.770  8.250  7.895  7.505  7.396  6.657  5.692  5.009  4.851  4.734  4.453  4.227  4.141  4.037 2222222222222222222 1111111111111111111
 20110628 1200   9.570  9.490  9.432  9.357  9.362  8.990  8.406  7.883  7.529  7.470  6.847  5.620  5.016  4.855  4.775  4.452  4.228  4.132  4.042 2222222222222222222 1111111111111111111
 20110629 1200   9.180  9.160  9.162  9.160  9.218  9.118  8.862  8.376  7.628  7.483  6.844  5.635  5.006  4.848  4.817  4.465  4.241  4.126  4.039 2222222222222222222 1111111111111111111
 20110630 1200   9.040  9.025  9.028  9.029  9.086  9.028  8.998  8.608  7.700  7.554  6.744  5.713  5.047  4.867  4.819  4.453  4.247  4.125  4.050 2222222222222222222 1111111111111111111
 20110701 1200   9.000  8.988  8.988  8.989  9.046  8.987  8.985  8.923  8.183  7.838  6.723  5.810  5.093  4.899  4.840  4.461  4.258  4.137  4.052 2222222222222222222 1111111111111111111
 20110702 1200   8.970  8.955  8.956  8.955  9.012  8.953  8.935  8.787  7.865  7.543  6.711  5.760  5.124  4.915  4.844  4.472  4.229  4.098  4.055 2222222222222222222 1111111111111111111
 20110703 1200   9.010  8.994  8.995  8.994  9.051  8.993  8.988  8.953  8.121  7.670  6.689  5.701  5.062  4.897  4.842  4.467  4.182  4.076  4.060 2222222222222222222 1111111111111111111
 20110704 1200   9.050  9.030  9.025  9.022  9.077  9.013  8.998  8.822  8.017  7.750  6.685  5.817  5.087  4.909  4.807  4.455  4.192  4.080  4.058 2222222222222222222 1111111111111111111
 20110705 1200   9.170  9.151  9.145  9.135  9.192  9.120  9.095  8.971  7.795  7.517  6.590  5.765  5.090  4.895  4.840  4.422  4.197  4.088  4.056 2222222222222222222 1111111111111111111
 20110706 1200   9.270  9.222  9.188  9.180  9.237  9.168  9.143  8.980  8.043  7.759  6.722  5.745  5.069  4.887  4.857  4.412  4.188  4.091  4.018 2222222222222222222 1111111111111111111
 20110707 1200   9.640  9.603  9.314  9.256  9.294  9.205  9.165  8.993  8.169  7.917  6.849  5.806  5.037  4.903  4.767  4.450  4.215  4.088  4.005 2222222222222222222 1111111111111111111
 20110708 1200   9.390  9.367  9.363  9.359  9.414  9.337  9.300  9.198  8.470  8.081  6.925  5.850  5.035  4.882  4.762  4.515  4.250  4.098  3.996 2222222222222222222 1111111111111111111
 20110709 1200   9.490  9.469  9.462  9.455  9.506  9.427  9.346  9.152  8.356  7.994  7.037  5.844  5.037  4.875  4.790  4.504  4.231  4.086  3.987 2222222222222222222 1111111111111111111
 20110710 1200   9.850  9.745  9.592  9.536  9.582  9.495  9.464  9.264  8.360  8.122  6.951  5.887  4.985  4.865  4.746  4.517  4.241  4.105  3.986 2222222222222222222 1111111111111111111
 20110711 1200  10.220 10.017  9.705  9.600  9.639  9.530  9.497  9.403  8.451  8.161  6.955  5.787  4.985  4.832  4.707  4.478  4.240  4.117  3.981 2222222222222222222 1111111111111111111
 20110712 1200  10.520 10.270  9.881  9.732  9.754  9.602  9.542  9.404  8.628  8.371  7.066  5.902  4.987  4.831  4.679  4.450  4.200  4.091  3.984 2222222222222222222 1111111111111111111
 20110713 1200  10.580 10.559 10.217  9.916  9.890  9.608  9.532  9.346  8.560  8.319  7.097  5.923  4.983  4.781  4.675  4.432  4.192  4.068  4.001 2222222222222222222 1111111111111111111
 20110714 1200  10.500 10.487 10.481 10.398 10.388  9.911  9.639  9.401  8.834  8.598  7.106  6.037  5.017  4.737  4.682  4.435  4.207  4.069  4.007 2222222222222222222 1111111111111111111
 20110715 1200  10.290 10.275 10.273 10.270 10.318 10.104  9.782  9.492  8.746  8.455  7.133  6.040  5.002  4.793  4.709  4.453  4.214  4.054  4.008 2222222222222222222 1111111111111111111
 20110716 1200  10.320 10.300 10.299 10.295 10.352 10.281 10.025  9.630  9.013  8.788  7.391  6.080  5.065  4.803  4.707  4.412  4.163  4.047  4.003 2222222222222222222 1111111111111111111
 20110717 1200  10.370 10.346 10.342 10.336 10.394 10.320 10.118  9.578  8.698  8.390  7.095  5.883  4.965  4.761  4.675  4.380  4.169  4.058  4.000 2222222222222222222 1111111111111111111
 20110718 1200  10.500 10.479 10.477 10.472 10.525 10.454 10.357  9.815  8.871  8.608  7.111  5.994  4.908  4.673  4.693  4.355  4.147  4.046  3.993 2222222222222222222 1111111111111111111
 20110719 1200  10.600 10.579 10.578 10.577 10.634 10.567 10.480  9.880  8.959  8.711  7.150  5.995  4.854  4.625  4.686  4.383  4.165  4.049  3.986 2222222222222222222 1111111111111111111
 20110720 1200  10.680 10.660 10.659 10.656 10.713 10.651 10.625 10.162  9.055  8.623  7.195  6.048  4.878  4.662  4.683  4.432  4.205  4.064  3.987 2222222222222222222 1111111111111111111
 20110721 1200  10.720 10.699 10.695 10.692 10.750 10.686 10.676 10.449  9.314  8.877  7.251  5.964  4.860  4.609  4.664  4.435  4.199  4.065  3.983 2222222222222222222 1111111111111111111
 20110722 1200  10.790 10.773 10.771 10.766 10.819 10.743 10.713 10.363  9.190  8.709  7.269  6.023  4.940  4.685  4.636  4.485  4.241  4.065  3.960 2222222222222222222 1111111111111111111
 20110723 1200  10.780 10.764 10.763 10.762 10.817 10.757 10.735 10.222  9.218  8.940  7.408  5.915  4.813  4.602  4.626  4.445  4.232  4.085  3.958 2222222222222222222 1111111111111111111
 20110724 1200  10.930 10.909 10.881 10.856 10.905 10.823 10.729 10.288  8.965  8.683  7.154  5.890  4.762  4.558  4.607  4.476  4.230  4.109  3.956 2222222222222222222 1111111111111111111
 20110725 1200  11.010 10.994 10.992 10.988 11.041 10.968 10.920 10.616  8.833  8.381  6.900  5.755  4.630  4.511  4.595  4.463  4.236  4.131  3.957 2222222222222222222 1111111111111111111
 20110726 1200  11.120 11.097 11.095 11.093 11.152 11.084 11.036 10.643  8.819  8.282  6.907  5.847  4.722  4.559  4.614  4.487  4.248  4.127  3.964 2222222222222222222 1111111111111111111
 20110727 1200  11.180 11.164 11.163 11.162 11.220 11.156 11.132 10.571  8.845  8.370  6.804  5.757  4.758  4.525  4.616  4.465  4.243  4.114  3.965 2222222222222222222 1111111111111111111
 20110728 1200  11.260 11.235 11.233 11.229 11.286 11.224 11.022 10.173  8.694  8.302  6.912  5.613  4.713  4.552  4.615  4.433  4.204  4.106  3.959 2222222222222222222 1111111111111111111
 20110729 1200  11.360 11.339 11.335 11.328 11.380 11.295 11.227 10.890  9.230  8.746  6.952  5.817  4.750  4.537  4.673  4.425  4.212  4.109  3.953 2222222222222222222 1111111111111111111
 20110730 1200  11.350 11.332 11.334 11.331 11.387 11.324 11.303 10.820  9.158  8.646  7.054  5.875  4.794  4.560  4.672  4.431  4.172  4.065  3.951 2222222222222222222 1111111111111111111
 20110731 1200  11.320 11.308 11.309 11.307 11.365 11.303 11.295 10.926  8.886  8.445  7.115  5.960  4.808  4.570  4.592  4.415  4.178  4.058  3.950 2222222222222222222 1111111111111111111
 20110801 1200  11.390 11.349 11.341 11.339 11.396 11.336 11.315 10.667  9.012  8.525  7.075  5.986  4.941  4.635  4.595  4.435  4.200  4.067  3.955 2222222222222222222 1111111111111111111
 20110802 1200  11.670 11.502 11.396 11.374 11.427 11.345 11.321 10.832  8.823  8.459  6.945  5.824  4.738  4.505  4.567  4.438  4.220  4.095  3.955 2222222222222222222 1111111111111111111
 20110803 1200  11.530 11.513 11.508 11.499 11.548 11.426 11.293 10.726  9.174  8.628  7.133  5.843  4.736  4.503  4.566  4.455  4.235  4.107  3.955 2222222222222222222 1111111111111111111
 20110804 1200  11.700 11.662 11.636 11.580 11.625 11.504 11.392 10.981  9.380  9.041  7.275  5.901  4.755  4.487  4.565  4.439  4.211  4.110  3.961 2222222222222222222 1111111111111111111
 20110805 1200  11.990 11.834 11.759 11.675 11.701 11.553 11.452 11.085  9.424  9.054  7.148  5.838  4.757  4.460  4.535  4.445  4.218  4.110  3.957 2222222222222222222 1111111111111111111
 20110806 1200  12.020 11.945 11.940 11.908 11.894 11.597 11.387 10.605  9.236  8.798  7.107  5.787  4.701  4.461  4.529  4.400  4.188  4.083  3.956 2222222222222222222 1111111111111111111
 20110807 1200  12.260 12.170 11.977 11.955 11.994 11.645 11.464 11.110  9.120  8.683  7.045  5.977  4.757  4.476  4.537  4.409  4.188  4.090  3.953 2222222222222222222 1111111111111111111
 20110808 1200  12.310 12.266 12.195 12.058 12.035 11.647 11.493 10.958  9.028  8.576  7.109  5.961  4.876  4.499  4.524  4.428  4.202  4.081  3.947 2222222222222222222 1111111111111111111
 20110809 1200  12.540 12.488 12.297 12.123 12.112 11.843 11.570 11.128  9.335  8.915  7.175  5.859  4.780  4.475  4.527  4.415  4.199  4.076  3.950 2222222222222222222 1111111111111111111
 20110810 1200  12.610 12.535 12.395 12.151 12.146 11.792 11.494 10.743  8.699  8.386  7.021  5.868  4.786  4.498  4.561  4.399  4.180  4.075  3.958 2222222222222222222 1111111111111111111
 20110811 1200  12.690 12.665 12.541 12.304 12.243 11.724 11.435 10.942  9.251  8.727  7.074  5.838  4.707  4.437  4.512  4.450  4.227  4.083  3.950 2222222222222222222 1111111111111111111
 20110812 1200  12.770 12.704 12.674 12.553 12.493 11.718 11.380 10.703  9.314  8.911  7.194  5.963  4.762  4.440  4.483  4.438  4.246  4.101  3.938 2222222222222222222 1111111111111111111
 20110813 1200  13.130 13.002 12.897 12.648 12.489 11.748 11.506 10.987  9.444  9.087  7.356  5.967  4.795  4.483  4.494  4.399  4.195  4.094  3.959 2222222222222222222 1111111111111111111
 20110814 1200  13.170 13.095 12.961 12.548 12.335 11.767 11.421 10.805  9.534  9.192  7.128  5.823  4.783  4.506  4.560  4.436  4.217  4.090  3.975 2222222222222222222 1111111111111111111
 20110815 1200  13.310 13.277 13.155 12.804 12.605 11.840 11.576 11.041  9.535  9.096  7.363  5.960  4.781  4.511  4.560  4.456  4.257  4.088  3.970 2222222222222222222 1111111111111111111
 20110816 1200  13.190 13.162 13.142 12.877 12.734 11.963 11.648 11.233  9.892  9.281  7.284  5.967  4.776  4.477  4.555  4.450  4.273  4.117  3.969 2222222222222222222 1111111111111111111
 20110817 1200  13.400 13.374 13.327 13.194 13.175 12.309 11.684 10.948  9.397  9.058  7.412  6.069  4.815  4.445  4.489  4.449  4.260  4.116  3.976 2222222222222222222 1111111111111111111
 20110818 1200  13.540 13.514 13.450 13.129 12.967 12.180 11.659 11.060  9.682  9.203  7.370  5.947  4.780  4.402  4.425  4.447  4.247  4.115  4.004 2222222222222222222 1111111111111111111
 20110819 1200  13.650 13.632 13.619 13.466 13.298 12.344 11.672 10.996  9.615  9.030  7.195  5.925  4.743  4.423  4.383  4.472  4.255  4.102  4.023 2222222222222222222 1111111111111111111
 20110820 1200  13.480 13.470 13.468 13.406 13.397 12.886 11.966 11.061  9.539  9.130  7.299  5.898  4.736  4.410  4.399  4.457  4.270  4.092  4.026 2222222222222222222 1111111111111111111
 20110821 1200  13.450 13.438 13.438 13.432 13.464 12.806 11.979 10.816  9.231  8.938  7.115  5.791  4.695  4.419  4.383  4.408  4.226  4.118  4.038 2222222222222222222 1111111111111111111
 20110822 1200  13.430 13.414 13.415 13.412 13.423 12.802 12.024 10.914  9.563  9.006  7.099  5.864  4.714  4.405  4.383  4.368  4.198  4.071  4.052 2222222222222222222 1111111111111111111
 20110823 1200  13.390 13.375 13.374 13.373 13.422 12.892 11.973 10.802  9.454  8.930  7.093  5.884  4.747  4.416  4.366  4.393  4.239  4.110  4.045 2222222222222222222 1111111111111111111
 20110824 1200  13.420 13.404 13.404 13.403 13.453 12.836 11.910 10.445  8.863  8.465  6.964  5.640  4.742  4.474  4.360  4.429  4.264  4.153  4.052 2222222222222222222 1111111111111111111
 20110825 1200  13.170 13.160 13.158 13.153 13.205 13.082 12.549 10.933  8.900  8.370  6.906  5.738  4.800  4.516  4.415  4.444  4.240  4.121  4.040 2222222222222222222 1111111111111111111
 20110826 1200  13.070 13.058 13.057 13.055 13.103 12.932 12.618 11.796  9.900  9.611  7.351  5.976  4.756  4.452  4.403  4.448  4.250  4.128  4.068 2222222222222222222 1111111111111111111
 20110827 1200  13.050 13.032 13.018 13.000 13.049 12.946 12.731 12.106 10.490  9.988  7.670  6.191  4.870  4.439  4.401  4.443  4.249  4.131  4.073 2222222222222222222 1111111111111111111
 20110828 1200  13.050 13.032 13.030 13.019 13.067 12.946 12.724 12.130 10.757 10.187  7.611  6.273  4.839  4.413  4.424  4.437  4.255  4.133  4.082 2222222222222222222 1111111111111111111
 20110829 1200  13.070 13.050 13.047 13.044 13.094 13.029 12.842 11.991 10.127  9.539  7.432  6.153  4.855  4.449  4.424  4.456  4.260  4.140  4.081 2222222222222222222 1111111111111111111
 20110830 1200  13.100 13.087 13.086 13.071 13.119 13.035 12.854 11.561  9.609  9.033  7.233  6.123  4.834  4.442  4.452  4.471  4.255  4.102  4.074 2222222222222222222 1111111111111111111
 20110831 1200  13.190 13.169 13.166 13.163 13.212 13.140 12.988 11.933  9.990  9.262  7.178  6.053  4.793  4.421  4.395  4.463  4.269  4.111  4.075 2222222222222222222 1111111111111111111
 20110901 1200  13.310 13.290 13.280 13.266 13.313 13.236 13.138 11.974  9.786  9.228  7.190  5.985  4.824  4.468  4.351  4.465  4.252  4.113  4.063 2222222222222222222 1111111111111111111
 20110902 1200  13.480 13.465 13.449 13.432 13.477 13.408 13.142 12.138  9.795  9.176  7.126  5.956  4.832  4.537  4.448  4.437  4.252  4.102  4.045 2222222222222222222 1111111111111111111
 20110903 1200  13.550 13.537 13.538 13.538 13.587 13.523 13.405 12.355  9.969  9.440  7.396  6.115  4.895  4.508  4.350  4.445  4.263  4.110  4.045 2222222222222222222 1111111111111111111
 20110904 1200  13.610 13.602 13.603 13.603 13.653 13.597 13.451 12.339 10.227  9.440  7.247  6.064  4.915  4.513  4.473  4.423  4.256  4.133  4.050 2222222222222222222 1111111111111111111
 20110905 1200  13.500 13.498 13.499 13.500 13.552 13.493 13.452 12.694 10.487 10.147  7.441  6.124  4.957  4.528  4.372  4.444  4.253  4.130  4.020 2222222222222222222 1111111111111111111
 20110906 1200  13.170 13.164 13.166 13.167 13.219 13.164 13.165 13.150 11.818 10.480  7.715  6.120  4.898  4.454  4.375  4.411  4.227  4.098  4.004 2222222222222222222 1111111111111111111
 20110907 1200  13.100 13.079 13.060 13.055 13.108 13.054 13.048 12.606 10.980 10.703  8.005  6.055  4.776  4.457  4.338  4.394  4.214  4.081  4.004 2222222222222222222 1111111111111111111
 20110908 1200  13.230 13.209 13.164 13.145 13.195 13.112 13.077 13.047 11.996 10.887  7.210  6.016  4.751  4.462  4.335  4.390  4.224  4.086  4.001 2222222222222222222 1111111111111111111
 20110909 1200  13.320 13.266 13.260 13.256 13.309 13.226 13.117 12.990 11.985 11.043  7.378  5.989  4.845  4.440  4.312  4.375  4.217  4.090  4.000 2222222222222222222 1111111111111111111
 20110910 1200  13.440 13.325 13.294 13.284 13.335 13.261 13.165 13.073 11.378 10.528  7.233  6.019  4.855  4.497  4.312  4.365  4.228  4.086  3.999 2222222222222222222 1111111111111111111
 20110911 1200  13.360 13.342 13.341 13.340 13.391 13.325 13.255 12.989 11.666 10.989  7.116  5.995  4.871  4.523  4.336  4.365  4.215  4.088  3.999 2222222222222222222 1111111111111111111
 20110912 1200  13.350 13.342 13.343 13.344 13.396 13.341 13.330 13.234 11.379 10.390  7.003  5.912  4.922  4.580  4.338  4.441  4.257  4.091  3.992 2222222222222222222 1111111111111111111
 20110913 1200  13.160 13.140 13.136 13.131 13.177 13.133 13.128 13.084 11.641 11.042  7.196  5.945  4.962  4.654  4.512  4.463  4.236  4.108  3.990 2222222222222222222 1111111111111111111
 20110914 1200  13.150 13.134 13.130 13.125 13.175 13.116 13.103 13.030 12.049 11.179  7.507  6.147  4.995  4.635  4.579  4.474  4.245  4.107  3.989 2222222222222222222 1111111111111111111
 20110915 1200  13.130 13.115 13.116 13.114 13.166 13.107 13.097 13.082 12.792 12.521  8.095  6.202  4.980  4.474  4.437  4.508  4.265  4.113  3.988 2222222222222222222 1111111111111111111
 20110916 1200  13.030 13.022 13.023 13.024 13.078 13.023 13.023 13.022 12.880 12.648  8.572  6.140  4.891  4.384  4.303  4.452  4.292  4.132  3.985 2222222222222222222 1111111111111111111
 20110917 1200  12.980 12.971 12.973 12.974 13.028 12.974 12.974 12.971 12.755 12.428  8.588  6.168  4.865  4.404  4.290  4.299  4.229  4.134  3.985 2222222222222222222 1111111111111111111
 20110918 1200  12.930 12.920 12.919 12.920 12.972 12.920 12.918 12.915 12.479 12.016  7.498  6.000  4.894  4.468  4.300  4.285  4.163  4.075  3.982 2222222222222222222 1111111111111111111
 20110919 1200  12.850 12.843 12.845 12.845 12.900 12.845 12.843 12.758 11.592 11.062  7.992  6.035  5.008  4.582  4.344  4.296  4.186  4.083  3.985 2222222222222222222 1111111111111111111
 20110920 1200  12.650 12.642 12.645 12.645 12.700 12.645 12.641 12.601 11.376 11.220  8.120  5.921  4.988  4.578  4.326  4.320  4.175  4.043  3.980 2222222222222222222 1111111111111111111
 20110921 1200  12.490 12.478 12.480 12.482 12.536 12.481 12.480 12.467 11.535 11.071  7.628  6.121  4.986  4.553  4.329  4.438  4.230  4.053  3.982 2222222222222222222 1111111111111111111
 20110922 1200  12.360 12.356 12.355 12.354 12.411 12.354 12.353 12.294 11.735 11.340  7.637  6.121  5.028  4.589  4.398  4.410  4.230  4.075  3.984 2222222222222222222 1111111111111111111
 20110923 1200  12.280 12.272 12.275 12.275 12.330 12.271 12.268 12.256 11.558 10.958  7.712  6.072  5.066  4.705  4.455  4.421  4.199  4.027  4.003 2222222222222222222 1111111111111111111
 20110924 1200  12.210 12.198 12.198 12.197 12.254 12.196 12.193 12.169 11.419 10.702  7.648  6.048  5.096  4.668  4.417  4.488  4.281  4.104  4.011 2222222222222222222 1111111111111111111
 20110925 1200  12.150 12.146 12.146 12.147 12.202 12.143 12.135 12.050 11.350 10.935  8.038  6.028  5.052  4.690  4.485  4.521  4.283  4.130  3.996 2222222222222222222 1111111111111111111
 20110926 1200  12.040 12.033 12.035 12.035 12.090 12.036 12.035 12.033 11.922 11.776  8.090  6.142  5.074  4.689  4.418  4.511  4.278  4.130  4.015 2222222222222222222 1111111111111111111
 20110927 1200  11.970 11.957 11.960 11.960 12.017 11.960 11.961 11.958 11.954 11.863  8.514  6.075  5.064  4.586  4.321  4.493  4.270  4.113  4.024 2222222222222222222 1111111111111111111
 20110928 1200  11.900 11.890 11.891 11.890 11.948 11.888 11.887 11.887 11.884 11.883  9.558  6.092  5.046  4.568  4.365  4.474  4.332  4.130  4.020 2222222222222222222 1111111111111111111
 20110929 1200  11.890 11.875 11.876 11.870 11.927 11.865 11.864 11.862 11.858 11.856  9.163  6.088  5.058  4.548  4.318  4.375  4.286  4.096  3.978 2222222222222222222 1111111111111111111
 20110930 1200  11.800 11.797 11.798 11.798 11.855 11.799 11.800 11.798 11.786 11.778  8.667  6.011  4.996  4.568  4.338  4.338  4.220  4.083  3.967 2222222222222222222 1111111111111111111
 20111001 1200  11.730 11.713 11.715 11.714 11.769 11.711 11.710 11.710 11.707 11.653  9.194  6.080  5.003  4.568  4.337  4.330  4.183  4.040  3.971 2222222222222222222 1111111111111111111
 20111002 1200  11.760 11.739 11.735 11.733 11.788 11.727 11.720 11.719 11.717 11.714  9.028  6.041  5.006  4.499  4.275  4.310  4.164  4.023  3.984 2222222222222222222 1111111111111111111
 20111003 1200  11.800 11.777 11.748 11.743 11.796 11.737 11.731 11.729 11.720 11.699  8.925  5.979  5.041  4.646  4.316  4.315  4.155  4.002  3.993 2222222222222222222 1111111111111111111
 20111004 1200  11.590 11.580 11.584 11.582 11.640 11.582 11.581 11.580 11.567 11.525  9.235  6.008  5.063  4.830  4.558  4.327  4.149  4.006  3.977 2222222222222222222 1111111111111111111
 20111005 1200  11.480 11.472 11.476 11.476 11.531 11.477 11.476 11.476 11.469 11.448  9.527  6.012  5.072  4.829  4.505  4.344  4.186  3.990  3.968 2222222222222222222 1111111111111111111
 20111006 1200  11.440 11.435 11.435 11.436 11.493 11.437 11.435 11.436 11.438 11.436  9.835  6.096  5.064  4.654  4.357  4.338  4.174  3.997  3.966 2222222222222222222 1111111111111111111
 20111007 1200  11.380 11.373 11.378 11.380 11.437 11.380 11.378 11.379 11.379 11.378 10.171  6.159  5.016  4.529  4.303  4.392  4.197  4.024  3.964 2222222222222222222 1111111111111111111
 20111008 1200  11.240 11.233 11.241 11.243 11.301 11.244 11.246 11.246 11.249 11.245 10.795  6.229  5.157  4.528  4.316  4.393  4.193  4.027  3.959 2222222222222222222 1111111111111111111
 20111009 1200  11.170 11.160 11.161 11.161 11.219 11.161 11.162 11.160 11.159 11.159 11.011  6.228  5.122  4.545  4.327  4.394  4.232  4.048  3.950 2222222222222222222 1111111111111111111
 20111010 1200  11.160 11.150 11.151 11.151 11.208 11.151 11.150 11.150 11.147 11.148 10.115  6.136  5.080  4.542  4.324  4.398  4.227  4.045  3.939 2222222222222222222 1111111111111111111
 20111011 1200  11.130 11.122 11.125 11.126 11.182 11.126 11.125 11.121 11.118 11.110  9.923  6.094  5.044  4.524  4.329  4.406  4.298  4.128  3.945 2222222222222222222 1111111111111111111
 20111012 1200  11.020 11.014 11.014 11.014 11.072 11.013 11.012 11.012 11.014 11.005 10.365  6.163  5.095  4.576  4.335  4.406  4.339  4.137  3.947 2222222222222222222 1111111111111111111
 20111013 1200  10.990 10.983 10.983 10.983 11.040 10.980 10.977 10.977 10.975 10.976 10.188  6.036  5.036  4.557  4.335  4.432  4.307  4.136  3.955 2222222222222222222 1111111111111111111
 20111014 1200  10.960 10.945 10.947 10.947 11.007 10.948 10.944 10.943 10.943 10.941 10.086  6.200  5.082  4.569  4.332  4.431  4.355  4.156  3.966 2222222222222222222 1111111111111111111
 20111015 1200  10.880 10.870 10.873 10.874 10.930 10.875 10.874 10.873 10.873 10.872 10.051  6.132  5.094  4.564  4.337  4.447  4.362  4.184  3.973 2222222222222222222 1111111111111111111
 20111016 1200  10.840 10.831 10.835 10.834 10.890 10.834 10.833 10.830 10.828 10.825 10.641  6.212  5.115  4.553  4.323  4.458  4.343  4.179  3.986 2222222222222222222 1111111111111111111
 20111017 1200  10.830 10.819 10.820 10.822 10.879 10.821 10.822 10.822 10.820 10.818 10.285  6.165  5.122  4.541  4.321  4.465  4.321  4.157  4.000 2222222222222222222 1111111111111111111
 20111018 1200  10.770 10.763 10.764 10.764 10.821 10.763 10.763 10.762 10.760 10.761 10.553  6.171  5.128  4.614  4.309  4.424  4.314  4.151  3.964 2222222222222222222 1111111111111111111
 20111019 1200  10.720 10.715 10.714 10.715 10.772 10.714 10.713 10.713 10.712 10.712 10.536  6.003  5.004  4.563  4.229  4.411  4.308  4.135  3.951 2222222222222222222 1111111111111111111
 20111020 1200  10.680 10.673 10.676 10.677 10.734 10.677 10.676 10.677 10.676 10.673  9.992  6.049  5.062  4.629  4.346  4.392  4.299  4.129  3.957 2222222222222222222 1111111111111111111
 20111021 1200  10.620 10.616 10.618 10.618 10.675 10.618 10.618 10.619 10.620 10.618 10.180  6.082  5.156  4.799  4.466  4.376  4.270  4.112  3.978 2222222222222222222 1111111111111111111
 20111022 1200  10.510 10.501 10.502 10.502 10.560 10.501 10.501 10.503 10.502 10.501 10.462  6.133  5.227  4.819  4.479  4.388  4.250  4.094  3.961 2222222222222222222 1111111111111111111
 20111023 1200  10.400 10.389 10.392 10.392 10.449 10.392 10.392 10.392 10.390 10.391 10.181  6.154  5.173  4.755  4.414  4.408  4.242  4.079  3.955 2222222222222222222 1111111111111111111
 20111024 1200  10.330 10.315 10.318 10.318 10.375 10.316 10.317 10.316 10.316 10.315 10.000  6.201  5.201  4.812  4.415  4.407  4.225  4.068  3.956 2222222222222222222 1111111111111111111
 20111025 1200  10.270 10.261 10.262 10.263 10.319 10.264 10.262 10.263 10.260 10.261  9.959  6.387  5.350  4.842  4.497  4.421  4.250  4.064  3.954 2222222222222222222 1111111111111111111
 20111026 1200  10.150 10.139 10.141 10.141 10.199 10.142 10.143 10.141 10.143 10.142 10.137  6.985  5.482  5.029  4.690  4.423  4.284  4.102  3.956 2222222222222222222 1111111111111111111
 20111027 1200  10.060 10.050 10.054 10.055 10.112 10.055 10.056 10.057 10.058 10.057  9.945  7.523  5.432  4.855  4.468  4.403  4.258  4.101  3.957 2222222222222222222 1111111111111111111
 20111028 1200   9.970  9.966  9.967  9.969 10.025  9.969  9.970  9.969  9.970  9.970  9.968  7.371  5.381  4.777  4.396  4.375  4.281  4.115  3.953 2222222222222222222 1111111111111111111
 20111029 1200   9.900  9.889  9.890  9.890  9.948  9.890  9.890  9.890  9.890  9.889  9.886  7.482  5.371  4.798  4.409  4.374  4.287  4.127  3.951 2222222222222222222 1111111111111111111
 20111030 1200   9.780  9.771  9.775  9.775  9.833  9.775  9.775  9.773  9.775  9.773  9.767  6.939  5.237  4.728  4.404  4.438  4.332  4.182  3.950 2222222222222222222 1111111111111111111
 20111031 1200   9.690  9.680  9.681  9.683  9.739  9.683  9.684  9.684  9.685  9.685  9.685  6.766  5.344  4.900  4.561  4.545  4.377  4.202  3.940 2222222222222222222 1111111111111111111
 20111101 1200   9.630  9.619  9.621  9.621  9.678  9.622  9.622  9.622  9.622  9.621  9.607  7.477  5.253  4.855  4.471  4.666  4.372  4.227  3.950 2222222222222222222 1111111111111111111
 20111102 1200   9.450  9.443  9.445  9.446  9.501  9.445  9.445  9.445  9.445  9.445  9.436  7.937  5.203  4.718  4.364  4.768  4.516  4.265  3.975 2222222222222222222 1111111111111111111
 20111103 1200   9.130  9.126  9.127  9.128  9.185  9.128  9.129  9.130  9.130  9.128  9.124  8.732  5.120  4.581  4.338  4.725  4.477  4.233  3.992 2222222222222222222 1111111111111111111
 20111104 1200   9.070  9.052  9.055  9.055  9.109  9.055  9.055  9.055  9.057  9.056  9.057  8.861  5.332  4.700  4.451  4.732  4.520  4.265  4.010 2222222222222222222 1111111111111111111
 20111105 1200   8.970  8.960  8.962  8.962  9.018  8.962  8.962  8.962  8.965  8.963  8.965  8.953  5.343  4.552  4.340  4.545  4.516  4.266  4.053 2222222222222222222 1111111111111111111
 20111106 1200   8.910  8.895  8.898  8.898  8.954  8.899  8.899  8.900  8.901  8.900  8.900  8.900  5.405  4.543  4.308  4.450  4.363  4.218  4.069 2222222222222222222 1111111111111111111
 20111107 1200   8.890  8.875  8.879  8.879  8.934  8.880  8.879  8.880  8.879  8.879  8.880  8.881  5.662  4.538  4.285  4.383  4.281  4.174  4.073 2222222222222222222 1111111111111111111
 20111108 1200   8.870  8.855  8.858  8.859  8.916  8.863  8.862  8.862  8.862  8.860  8.860  8.857  5.552  4.562  4.288  4.361  4.238  4.168  4.073 2222222222222222222 1111111111111111111
 20111109 1200   8.730  8.726  8.730  8.729  8.787  8.729  8.730  8.730  8.733  8.731  8.732  8.628  5.642  4.585  4.300  4.374  4.247  4.169  4.053 2222222222222222222 1111111111111111111
 20111110 1200   8.680  8.664  8.665  8.665  8.722  8.665  8.665  8.665  8.665  8.665  8.666  8.665  5.411  4.657  4.328  4.389  4.261  4.171  4.053 2222222222222222222 1111111111111111111
 20111111 1200   8.670  8.658  8.660  8.660  8.717  8.661  8.661  8.661  8.664  8.662  8.663  8.660  5.450  4.686  4.379  4.405  4.283  4.166  4.055 2222222222222222222 1111111111111111111
 20111112 1200   8.640  8.632  8.634  8.633  8.688  8.633  8.634  8.634  8.634  8.634  8.635  8.633  5.610  4.833  4.475  4.427  4.287  4.157  4.051 2222222222222222222 1111111111111111111
 20111113 1200   8.590  8.581  8.583  8.584  8.640  8.583  8.585  8.586  8.587  8.587  8.588  8.584  5.882  4.888  4.471  4.434  4.344  4.183  4.059 2222222222222222222 1111111111111111111
 20111114 1200   8.580  8.572  8.575  8.576  8.632  8.577  8.578  8.578  8.579  8.578  8.579  8.582  5.560  4.962  4.571  4.408  4.389  4.213  4.061 2222222222222222222 1111111111111111111
 20111115 1200   8.570  8.559  8.562  8.562  8.620  8.564  8.564  8.563  8.565  8.565  8.566  8.568  5.761  4.918  4.451  4.387  4.435  4.233  4.036 2222222222222222222 1111111111111111111
 20111116 1200   8.500  8.500  8.504  8.503  8.557  8.504  8.503  8.505  8.506  8.505  8.505  8.503  5.739  4.896  4.422  4.366  4.408  4.264  4.014 2222222222222222222 1111111111111111111
 20111117 1200   8.190  8.193  8.196  8.196  8.250  8.195  8.196  8.198  8.198  8.200  8.198  8.195  6.335  4.788  4.389  4.280  4.435  4.278  3.981 2222222222222222222 1111111111111111111
 20111118 1200   8.020  8.016  8.017  8.019  8.073  8.022  8.022  8.023  8.030  8.023  8.024  8.027  6.818  4.750  4.361  4.304  4.434  4.267  3.963 2222222222222222222 1111111111111111111
 20111119 1200   7.940  7.929  7.931  7.931 -9.999  7.932  7.932  7.932 -9.999  7.933  7.936  7.935  6.810  4.905  4.442  4.379  4.428  4.265  3.963 2222022202222222222 1111011101111111111
 20111120 1200   7.880  7.868  7.869  7.871 -9.999  7.870  7.870  7.871 -9.999  7.871  7.872  7.875  6.863  5.020  4.590  4.407  4.427  4.241  3.969 2222022202222222222 1111011101111111111
 20111121 1200   7.810  7.798  7.800  7.801  7.847  7.802  7.801  7.802 -9.999  7.802  7.804  7.807  7.001  5.065  4.592  4.442  4.435  4.263  3.964 2222222202222222222 1111111101111111111
 20111122 1200   7.720  7.717  7.719  7.720  7.763  7.721  7.721  7.721 -9.999  7.722  7.722  7.727  7.154  5.071  4.659  4.527  4.414  4.248  3.949 2222222202222222222 1111111101111111111
 20111123 1200   7.560  7.557  7.562  7.563  7.612  7.565  7.564  7.563 -9.999  7.564  7.565  7.568  7.367  5.035  4.664  4.567  4.348  4.166  3.958 2222222202222222222 1111111101111111111
 20111124 1200   7.440  7.435  7.440  7.440  7.492  7.441  7.442  7.443 -9.999  7.444  7.444  7.448  7.292  5.100  4.700  4.600  4.352  4.157  3.965 2222222202222222222 1111111101111111111
 20111125 1200   7.470  7.457  7.459  7.460  7.511  7.460  7.458  7.457 -9.999  7.447  7.442  7.427  7.273  5.208  4.730  4.634  4.347  4.128  3.962 2222222202222222222 1111111101111111111
 20111126 1200   7.470  7.464  7.471  7.470  7.520  7.472  7.470  7.470 -9.999  7.471  7.470  7.465  7.080  5.239  4.703  4.601  4.342  4.117  3.963 2222222202222222222 1111111101111111111
 20111127 1200   7.400  7.392  7.396  7.396  7.448  7.396  7.392  7.395 -9.999  7.392  7.391  7.385  7.289  5.197  4.577  4.577  4.351  4.148  3.951 2222222202222222222 1111111101111111111
 20111128 1200   7.370  7.365  7.367  7.366  7.419  7.366  7.368  7.369 -9.999  7.369  7.369  7.370  7.339  5.490  4.773  4.576  4.350  4.133  3.952 2222222202222222222 1111111101111111111
 20111129 1200   7.360  7.348  7.351  7.351  7.402  7.353  7.352  7.352 -9.999  7.352  7.353  7.358  7.352  5.610  4.820  4.601  4.415  4.178  3.931 2222222202222222222 1111111101111111111
 20111130 1200   7.360  7.349  7.351  7.351  7.401  7.351  7.350  7.351 -9.999  7.350  7.350  7.351  7.339  5.886  4.769  4.615  4.462  4.195  3.919 2222222202222222222 1111111101111111111
 20111201 1200   7.370  7.355  7.358  7.358  7.409  7.358  7.358  7.358 -9.999  7.360  7.360  7.364  7.359  5.428  4.661  4.745  4.445  4.205  3.920 2222222202222222222 1111111101111111111
 20111202 1200   7.390  7.378  7.382  7.382  7.432  7.382  7.381  7.381 -9.999  7.382  7.383  7.387  7.377  5.525  4.564  4.681  4.444  4.193  3.922 2222222202222222222 1111111101111111111
 20111203 1200   7.420  7.407  7.409  7.408  7.460  7.408  7.407  7.408 -9.999  7.408  7.408  7.407  7.402  5.276  4.609  4.627  4.461  4.213  3.920 2222222202222222222 1111111101111111111
 20111204 1200   7.440  7.423  7.425  7.424  7.476  7.425  7.423  7.422 -9.999  7.423  7.420  7.414  7.402  5.673  4.700  4.641  4.475  4.231  3.922 2222222202222222222 1111111101111111111
 20111205 1200   7.450  7.439  7.441  7.441  7.491  7.441  7.440  7.440 -9.999  7.440  7.438  7.436  7.405  5.435  4.724  4.696  4.453  4.238  3.925 2222222202222222222 1111111101111111111
 20111206 1200   7.460  7.444  7.445  7.446  7.495  7.445  7.444  7.445 -9.999  7.444  7.444  7.443  7.420  5.441  4.682  4.747  4.427  4.203  3.935 2222222202222222222 1111111101111111111
 20111207 1200   7.450  7.439  7.440  7.439  7.491  7.440  7.440  7.440 -9.999  7.440  7.441  7.438  7.411  5.892  4.813  4.742  4.412  4.192  3.942 2222222202222222222 1111111101111111111
 20111208 1200   7.460  7.443  7.444  7.444  7.493  7.444  7.443  7.443 -9.999  7.441  7.441  7.438  7.419  5.791  4.899  4.808  4.426  4.183  3.944 2222222202222222222 1111111101111111111
 20111209 1200   7.500  7.486  7.491  7.492  7.543  7.492  7.494  7.495 -9.999  7.498  7.500  7.504  7.480  5.707  4.838  4.847  4.485  4.234  3.942 2222222202222222222 1111111101111111111
 20111210 1200   7.510  7.495  7.500  7.500  7.551  7.501  7.502  7.503 -9.999  7.505  7.509  7.520  7.526  5.712  4.792  4.798  4.452  4.185  3.943 2222222202222222222 1111111101111111111
 20111211 1200   7.490  7.477  7.479  7.479  7.530  7.479  7.481  7.481 -9.999  7.483  7.485  7.492  7.493  5.440  4.805  4.803  4.510  4.222  3.951 2222222202222222222 1111111101111111111
 20111212 1200   7.460  7.446  7.450  7.451  7.503  7.454  7.455  7.457 -9.999  7.458  7.458  7.466  7.450  5.658  4.856  4.804  4.506  4.228  3.954 2222222202222222222 1111111101111111111
 20111213 1200   7.420  7.416  7.421  7.421  7.472  7.424  7.425  7.424 -9.999  7.427  7.432  7.448  7.406  5.724  4.867  4.795  4.541  4.250  3.962 2222222202222222222 1111111101111111111
 20111214 1200   7.410  7.398  7.400  7.400  7.453  7.401  7.402  7.403 -9.999  7.405  7.406  7.409  7.399  5.864  4.879  4.821  4.558  4.307  3.967 2222222202222222222 1111111101111111111
 20111215 1200   7.380  7.365  7.367  7.367  7.418  7.368  7.368  7.369 -9.999  7.369  7.371  7.374  7.371  5.872  4.895  4.838  4.534  4.272  3.968 2222222202222222222 1111111101111111111
 20111216 1200   7.370  7.352  7.354  7.354  7.405  7.355  7.354  7.355 -9.999  7.354  7.355  7.358  7.353  5.653  4.876  4.856  4.531  4.267  3.973 2222222202222222222 1111111101111111111
 20111217 1200   7.340  7.331  7.334  7.334  7.384  7.335  7.335  7.334 -9.999  7.336  7.336  7.338  7.337  5.513  4.864  4.825  4.525  4.260  3.976 2222222202222222222 1111111101111111111
 20111218 1200   7.310  7.298  7.300  7.299  7.350  7.300  7.300  7.300 -9.999  7.300  7.300  7.304  7.297  6.093  4.862  4.798  4.583  4.285  3.982 2222222202222222222 1111111101111111111
 20111219 1200   7.300  7.288  7.289  7.289  7.338  7.290  7.289  7.288 -9.999  7.287  7.286  7.287  7.255  5.903  4.910  4.805  4.576  4.287  3.980 2222222202222222222 1111111101111111111
 20111220 1200   7.220  7.212  7.215  7.216  7.267  7.217  7.217  7.217 -9.999  7.218  7.219  7.222  7.215  6.242  4.935  4.807  4.589  4.267  3.956 2222222202222222222 1111111101111111111
 20111221 1200   7.220  7.209  7.211  7.211  7.260  7.212  7.211  7.211 -9.999  7.210  7.210  7.211  7.203  5.917  4.893  4.816  4.606  4.264  3.954 2222222202222222222 1111111101111111111
 20111222 1200   7.220  7.208  7.209  7.210  7.260  7.210  7.210  7.210 -9.999  7.211  7.211  7.213  7.198  5.765  4.839  4.838  4.597  4.280  3.965 2222222202222222222 1111111101111111111
 20111223 1200   7.150  7.139  7.141  7.141  7.192  7.140  7.140  7.142 -9.999  7.142  7.143  7.147  7.132  5.802  4.826  4.820  4.568  4.264  3.968 2222222202222222222 1111111101111111111
 20111224 1200   7.100  7.093  7.095  7.095  7.145  7.096  7.096  7.096 -9.999  7.096  7.099  7.102  7.092  5.693  4.814  4.808  4.565  4.295  3.940 2222222202222222222 1111111101111111111
 20111225 1200   7.050  7.040  7.043  7.043  7.090  7.044  7.043  7.045 -9.999  7.045  7.048  7.051  7.047  5.429  4.710  4.817  4.508  4.259  3.951 2222222202222222222 1111111101111111111
 20111226 1200   6.990  6.983  6.985  6.985  7.034  6.985  6.985  6.986 -9.999  6.986  6.986  6.990  6.980  5.549  4.703  4.778  4.546  4.269  3.944 2222222202222222222 1111111101111111111
 20111227 1200   6.900  6.889  6.894  6.894  6.942  6.895  6.894  6.895 -9.999  6.895  6.898  6.900  6.895  5.840  4.730  4.769  4.513  4.269  3.975 2222222202222222222 1111111101111111111
 20111228 1200   6.830  6.825  6.827  6.827  6.875  6.827  6.827  6.828 -9.999  6.830  6.830  6.832  6.820  5.809  4.727  4.754  4.568  4.247  3.989 2222222202222222222 1111111101111111111
 20111229 1200   6.750  6.753  6.761  6.761  6.809  6.761  6.763  6.763 -9.999  6.762  6.765  6.768  6.766  5.891  4.871  4.747  4.528  4.233  4.001 2222222202222222222 1111111101111111111
 20111230 1200   6.690  6.684  6.688  6.688  6.736  6.688  6.689  6.689 -9.999  6.691  6.692  6.695  6.692  6.116  4.812  4.783  4.540  4.241  4.010 2222222202222222222 1111111101111111111
 20111231 1200   6.630  6.617  6.622  6.622  6.671  6.622  6.623  6.624 -9.999  6.624  6.627  6.630  6.629  6.182  4.800  4.757  4.515  4.249  3.970 2222222202222222222 1111111101111111111
 20120101 1200   6.590  6.587  6.588  6.589  6.636  6.589  6.588  6.589 -9.999  6.591  6.591  6.595  6.594  6.075  4.887  4.770  4.557  4.265  3.933 2222222202222222222 1111111101111111111
 20120102 1200   6.530  6.526  6.530  6.530  6.579  6.532  6.531  6.532 -9.999  6.534  6.535  6.539  6.537  6.069  4.830  4.742  4.522  4.261  3.927 2222222202222222222 1111111101111111111
 20120103 1200   6.530  6.515  6.515  6.515  6.562  6.515  6.515  6.515 -9.999  6.515  6.516  6.517  6.511  6.209  4.834  4.724  4.487  4.233  3.925 2222222202222222222 1111111101111111111
 20120104 1200   6.540  6.531  6.534  6.533  6.582  6.534  6.535  6.535 -9.999  6.537  6.536  6.540  6.538  6.117  4.907  4.791  4.563  4.278  3.931 2222222202222222222 1111111101111111111
 20120105 1200   6.460  6.452  6.457  6.458  6.504  6.457  6.457  6.457 -9.999  6.461  6.462  6.465  6.465  6.022  4.949  4.803  4.530  4.253  3.947 2222222202222222222 1111111101111111111
 20120106 1200   6.390  6.381  6.385  6.385  6.431  6.385  6.385  6.385 -9.999  6.385  6.387  6.389  6.383  6.190  4.881  4.809  4.535  4.243  3.948 2222222202222222222 1111111101111111111
 20120107 1200   6.390  6.373  6.374  6.373  6.421  6.374  6.375  6.375 -9.999  6.375  6.375  6.374  6.366  6.211  5.078  4.803  4.537  4.236  3.951 2222222202222222222 1111111101111111111
 20120108 1200   6.360  6.346  6.351  6.349  6.396  6.349  6.349  6.350 -9.999  6.349  6.350  6.352  6.344  6.073  5.168  4.812  4.558  4.253  3.964 2222222202222222222 1111111101111111111
 20120109 1200   6.290  6.290  6.297  6.297  6.343  6.296  6.298  6.298 -9.999  6.300  6.300  6.305  6.303 -9.999  5.114  4.822  4.540  4.248  3.966 2222222202222022222 1111111101111011111
 20120110 1200   6.330  6.319  6.321  6.321  6.367  6.322  6.322  6.322 -9.999  6.321  6.324  6.325  6.320 -9.999  5.534  4.827  4.595  4.281  3.968 2222222202222022222 1111111101111011111
 20120111 1200   6.380  6.364  6.366  6.366  6.412  6.366  6.366  6.366 -9.999  6.367  6.367  6.370  6.359 -9.999  5.526  4.821  4.545  4.250  3.979 2222222202222022222 1111111101111011111
 20120112 1200   6.340  6.336  6.341  6.341  6.386  6.340  6.341  6.341 -9.999  6.342  6.344  6.347  6.345 -9.999  5.523  4.826  4.567  4.260  3.993 2222222202222022222 1111111101111011111
 20120113 1200   6.280  6.272  6.278  6.278  6.324  6.278  6.278  6.278 -9.999  6.278  6.281  6.286  6.283 -9.999  5.345  4.801  4.614  4.287  3.995 2222222202222022222 1111111101111011111
 20120114 1200   6.200  6.191  6.194  6.194  6.240  6.194  6.195  6.196 -9.999  6.195  6.198  6.202  6.201 -9.999  5.305  4.769  4.589  4.304  4.008 2222222202222022222 1111111101111011111
 20120115 1200   6.150  6.138  6.142  6.142  6.188  6.143  6.142  6.143 -9.999  6.143  6.143  6.148  6.148 -9.999  5.108  4.780  4.591  4.286  4.011 2222222202222022222 1111111101111011111
 20120116 1200   6.110  6.100  6.105  6.105  6.149  6.105  6.104  6.105 -9.999  6.105  6.106  6.110  6.108 -9.999  4.891  4.779  4.538  4.264  4.007 2222222202222022222 1111111101111011111
 20120117 1200   6.010  6.005  6.010  6.010  6.056  6.012  6.011  6.012 -9.999  6.012  6.015  6.018  6.016 -9.999  5.136  4.748  4.545  4.262  3.988 2222222202222022222 1111111101111011111
 20120118 1200   5.920  5.917  5.923  5.923  5.967  5.923  5.922  5.925 -9.999  5.925  5.927  5.928  5.928 -9.999  5.404  4.733  4.537  4.246  3.947 2222222202222022222 1111111101111011111
 20120119 1200   5.830  5.821  5.825  5.824  5.868  5.825  5.824  5.825 -9.999  5.825  5.826  5.829  5.827 -9.999  5.436  4.713  4.569  4.267  3.909 2222222202222022222 1111111101111011111
 20120120 1200   5.850  5.834  5.838  5.838  5.881  5.838  5.837  5.838 -9.999  5.838  5.838  5.842  5.839 -9.999  5.543  4.725  4.517  4.240  3.905 2222222202222022222 1111111101111011111
 20120121 1200   5.760  5.755  5.760  5.760  5.805  5.760  5.759  5.760 -9.999  5.761  5.763  5.766  5.764 -9.999  5.699  4.717  4.516  4.242  3.915 2222222202222022222 1111111101111011111
 20120122 1200   5.720  5.709  5.713  5.713  5.758  5.713  5.711  5.711 -9.999  5.713  5.712  5.715  5.710 -9.999  5.497  4.670  4.459  4.171  3.874 2222222202222022222 1111111101111011111
 20120123 1200   5.630  5.621  5.628  5.627  5.670  5.629  5.629  5.629 -9.999  5.628  5.630  5.632  5.630 -9.999  5.528  4.649  4.438  4.185  3.863 2222222202222022222 1111111101111011111
 20120124 1200   5.680  5.678  5.683  5.682  5.725  5.680  5.678  5.677 -9.999  5.670  5.666  5.658  5.648 -9.999  5.468  4.617  4.449  4.189  3.864 2222222202222022222 1111111101111011111
 20120125 1200   5.550  5.542  5.546  5.546  5.589  5.546  5.546  5.546 -9.999  5.546  5.548  5.552  5.553 -9.999  5.455  4.601  4.445  4.175  3.864 2222222202222022222 1111111101111011111
 20120126 1200   5.500  5.492  5.495  5.494  5.538  5.495  5.495  5.495 -9.999  5.496  5.497  5.501  5.501 -9.999  5.398  4.616  4.403  4.173  3.862 2222222202222022222 1111111101111011111
 20120127 1200   5.470  5.457  5.460  5.460  5.500  5.460  5.460  5.460 -9.999  5.460  5.461  5.467  5.465 -9.999  5.467  4.605  4.405  4.169  3.867 2222222202222022222 1111111101111011111
 20120128 1200   5.560  5.543  5.537  5.536  5.580  5.536  5.538  5.533 -9.999  5.528  5.519  5.515  5.503 -9.999  5.496  4.567  4.437  4.206  3.871 2222222202222022222 1111111101111011111
 20120129 1200   5.580  5.568  5.571  5.571  5.611  5.570  5.570  5.570 -9.999  5.569  5.569  5.568  5.560 -9.999  5.492  4.641  4.418  4.179  3.874 2222222202222022222 1111111101111011111
 20120130 1200   5.510  5.499  5.502  5.502  5.545  5.502  5.500  5.500 -9.999  5.503  5.505  5.508  5.508 -9.999  5.443  4.755  4.418  4.168  3.883 2222222202222022222 1111111101111011111
 20120131 1200   5.470  5.453  5.456  5.455  5.498  5.455  5.455  5.455 -9.999  5.456  5.457  5.461  5.459 -9.999  5.392  4.790  4.480  4.207  3.894 2222222202222022222 1111111101111011111
 20120201 1200   5.450  5.433  5.436  5.436  5.477  5.436  5.435  5.436 -9.999  5.436  5.437  5.441  5.440 -9.999  5.385  4.739  4.477  4.202  3.895 2222222202222022222 1111111101111011111
 20120202 1200   5.450  5.441  5.444  5.444  5.485  5.444  5.443  5.444 -9.999  5.445  5.446  5.448  5.448 -9.999  5.421  4.750  4.481  4.205  3.893 2222222202222022222 1111111101111011111
 20120203 1200   5.440  5.432  5.438  5.439  5.480  5.438  5.438  5.440 -9.999  5.440  5.443  5.448  5.449 -9.999  5.365  4.727  4.505  4.229  3.904 2222222202222022222 1111111101111011111
 20120204 1200   5.400  5.390  5.394  5.393  5.435  5.394  5.393  5.394 -9.999  5.394  5.395  5.399  5.398 -9.999  5.292  4.695  4.477  4.215  3.915 2222222202222022222 1111111101111011111
 20120205 1200   5.380  5.370  5.373  5.373  5.414  5.373  5.373  5.373 -9.999  5.374  5.376  5.378  5.376 -9.999  5.276  4.678  4.426  4.180  3.906 2222222202222022222 1111111101111011111
 20120206 1200   5.400  5.383  5.385  5.385  5.427  5.386  5.385  5.385 -9.999  5.386  5.388  5.390  5.386 -9.999  5.325  4.646  4.432  4.184  3.910 2222222202222022222 1111111101111011111
 20120207 1200   5.450  5.432  5.434  5.433  5.475  5.433  5.433  5.433 -9.999  5.434  5.435  5.437  5.436 -9.999  5.412  4.632  4.470  4.210  3.920 2222222202222022222 1111111101111011111
 20120208 1200   5.450  5.440  5.444  5.445  5.485  5.444  5.443  5.444 -9.999  5.444  5.445  5.446  5.445 -9.999  5.399  4.697  4.481  4.202  3.925 2222222202222022222 1111111101111011111
 20120209 1200   5.490  5.473  5.476  5.476  5.516  5.475  5.475  5.475 -9.999  5.475  5.475  5.479  5.476 -9.999  5.440  4.786  4.523  4.227  3.934 2222222202222022222 1111111101111011111
 20120210 1200   5.570  5.552  5.553  5.553  5.593  5.552  5.551  5.550 -9.999  5.550  5.550  5.548  5.544 -9.999  5.458  4.815  4.528  4.238  3.935 2222222202222022222 1111111101111011111
 20120211 1200   5.580  5.568  5.570  5.570  5.611  5.570  5.569  5.569 -9.999  5.569  5.568  5.568  5.560 -9.999  5.518  4.794  4.546  4.257  3.935 2222222202222022222 1111111101111011111
 20120212 1200   5.570  5.554  5.558  5.558  5.599  5.559  5.558  5.557 -9.999  5.556  5.556  5.551  5.531 -9.999  5.379  4.752  4.553  4.271  3.932 2222222202222022222 1111111101111011111
 20120213 1200   5.520  5.510  5.512  5.512  5.554  5.512  5.511  5.511 -9.999  5.510  5.510  5.513  5.506 -9.999  5.407  4.790  4.556  4.291  3.927 2222222202222022222 1111111101111011111
 20120214 1200   5.480  5.464  5.467  5.467  5.509  5.467  5.467  5.468 -9.999  5.468  5.468  5.470  5.464 -9.999  5.358  4.737  4.517  4.262  3.958 2222222202222022222 1111111101111011111
 20120215 1200   5.530  5.508  5.508  5.508  5.550  5.508  5.508  5.507 -9.999  5.506  5.505  5.508  5.501 -9.999  5.403  4.712  4.522  4.273  3.965 2222222202222022222 1111111101111011111
 20120216 1200   5.570  5.555  5.550  5.550  5.590  5.549  5.548  5.549 -9.999  5.549  5.548  5.551  5.548 -9.999  5.370  4.707  4.530  4.244  3.967 2222222202222022222 1111111101111011111
 20120217 1200   5.530  5.514  5.516  5.516  5.560  5.516  5.516  5.514 -9.999  5.511  5.507  5.503  5.492 -9.999  5.400  4.720  4.582  4.260  3.964 2222222202222022222 1111111101111011111
 20120218 1200   5.500  5.486  5.485  5.485  5.526  5.485  5.485  5.483 -9.999  5.485  5.480  5.472  5.456 -9.999  5.340  4.688  4.508  4.292  3.959 2222222202222022222 1111111101111011111
 20120219 1200   5.480  5.467  5.467  5.467  5.508  5.465  5.465  5.467 -9.999  5.462  5.460  5.458  5.449 -9.999  5.300  4.687  4.532  4.302  3.943 2222222202222022222 1111111101111011111
 20120220 1200   5.450  5.428  5.430  5.430  5.471  5.431  5.427  5.428 -9.999  5.427  5.426  5.423  5.410 -9.999  5.363  4.707  4.527  4.281  3.955 2222222202222022222 1111111101111011111
 20120221 1200   5.500  5.490  5.492  5.493  5.533  5.492  5.492  5.492 -9.999  5.492  5.492  5.494  5.491 -9.999  5.443  4.724  4.564  4.269  3.942 2222222202222022222 1111111101111011111
 20120222 1200   5.560  5.548  5.551  5.551  5.592  5.551  5.550  5.550 -9.999  5.550  5.552  5.555  5.555 -9.999  5.543  4.671  4.512  4.239  3.932 2222222202222022222 1111111101111011111
 20120223 1200   5.540  5.532  5.534  5.534  5.577  5.533  5.533  5.534 -9.999  5.535  5.535  5.536  5.531 -9.999  5.529  4.643  4.416  4.182  3.903 2222222202222022222 1111111101111011111
 20120224 1200   5.510  5.497  5.501 -9.999  5.541  5.501  5.500  5.500 -9.999  5.500  5.501  5.503  5.501 -9.999  5.497  4.662  4.427  4.197  3.890 2220222202222022222 1110111101111011111
 20120225 1200   5.470  5.463  5.466 -9.999  5.509  5.466  5.465  5.465 -9.999  5.466  5.467  5.469  5.467 -9.999  5.462  4.693  4.449  4.196  3.885 2220222202222022222 1110111101111011111
 20120226 1200   5.470  5.457  5.460 -9.999  5.500  5.459  5.457  5.458 -9.999  5.456  5.455  5.456  5.452 -9.999  5.447  4.691  4.436  4.191  3.878 2220222202222022222 1110111101111011111
 20120227 1200   5.440  5.430  5.433 -9.999  5.474  5.433  5.432  5.433 -9.999  5.434  5.434  5.436  5.435 -9.999  5.435  4.758  4.436  4.188  3.872 2220222202222022222 1110111101111011111
 20120228 1200   5.410  5.400  5.405 -9.999  5.447  5.415  5.404  5.405 -9.999  5.406  5.407  5.411  5.410 -9.999  5.411  4.744  4.412  4.198  3.891 2220222202222022222 1110111101111011111
 20120229 1200   5.360  5.349  5.349 -9.999  5.391 -9.999  5.347  5.346 -9.999  5.345  5.343  5.343  5.332 -9.999  5.302  4.686  4.380  4.168  3.901 2220202202222022222 1110101101111011111
 20120301 1200   5.290  5.273  5.256 -9.999  5.295 -9.999  5.254  5.252 -9.999  5.247  5.242  5.234  5.216 -9.999  5.200  4.672  4.326  4.121  3.880 2220202202222022222 1110101101111011111
 20120302 1200   5.350  5.336  5.332 -9.999  5.371 -9.999  5.330  5.329 -9.999  5.326  5.320  5.299  5.255 -9.999  5.203  4.612  4.293  4.102  3.870 2220202202222022222 1110101101111011111
 20120303 1200   5.420  5.402  5.400 -9.999  5.443 -9.999  5.398  5.396 -9.999  5.389  5.371  5.328  5.273 -9.999  5.199  4.630  4.280  4.076  3.861 2220202202222022222 1110101101111011111
 20120304 1200   5.360  5.355  5.359 -9.999  5.400 -9.999  5.358  5.359 -9.999  5.360  5.361  5.360  5.350 -9.999  5.291  4.695  4.291  4.079  3.852 2220202202222022222 1110101101111011111
 20120305 1200   5.290  5.269  5.267 -9.999  5.307 -9.999  5.268  5.266 -9.999  5.264  5.265  5.265  5.262 -9.999  5.200  4.693  4.324  4.081  3.846 2220202202222022222 1110101101111011111
 20120306 1200   5.240  5.229  5.222 -9.999  5.263 -9.999  5.220  5.218 -9.999  5.215  5.216  5.217  5.208 -9.999  5.159  4.658  4.302  4.081  3.844 2220202202222022222 1110101101111011111
 20120307 1200   5.200  5.191  5.190 -9.999  5.229 -9.999  5.188  5.185 -9.999  5.178  5.171  5.164  5.153 -9.999  5.147  4.636  4.287  4.068  3.849 2220202202222022222 1110101101111011111
 20120308 1200   5.230  5.225  5.224 -9.999  5.265 -9.999  5.222  5.221 -9.999  5.215  5.199  5.170  5.147 -9.999  5.141  4.741  4.281  4.094  3.845 2220202202222022222 1110101101111011111
 20120309 1200   5.140  5.125  5.129 -9.999  5.168 -9.999  5.128  5.128 -9.999  5.128  5.130  5.133  5.131 -9.999  5.137  4.698  4.300  4.107  3.849 2220202202222022222 1110101101111011111
 20120310 1200   5.200  5.191  5.195 -9.999  5.235 -9.999  5.195  5.194 -9.999  5.194  5.193  5.191  5.182 -9.999  5.174  4.822  4.305  4.095  3.841 2220202202222022222 1110101101111011111
 20120311 1200   5.230  5.217  5.223 -9.999  5.264 -9.999  5.222  5.222 -9.999  5.223  5.225  5.230  5.231 -9.999  5.233  4.718  4.295  4.090  3.855 2220202202222022222 1110101101111011111
 20120312 1200   5.210  5.195  5.200 -9.999  5.240 -9.999  5.198  5.198 -9.999  5.200  5.200  5.205  5.200 -9.999  5.202  4.558  4.284  4.071  3.846 2220202202222022222 1110101101111011111
 20120313 1200   5.170  5.161  5.161 -9.999  5.200 -9.999  5.160  5.158 -9.999  5.155  5.150  5.142  5.123 -9.999  5.088  4.498  4.245  4.040  3.838 2220202202222022222 1110101101111011111
 20120314 1200   5.200  5.175  5.166 -9.999  5.207 -9.999  5.165  5.163 -9.999  5.160  5.157  5.146  5.113 -9.999  5.043  4.481  4.219  4.015  3.835 2220202202222022222 1110101101111011111
 20120315 1200   5.180  5.171  5.163 -9.999  5.204 -9.999  5.163  5.154 -9.999  5.135  5.126  5.105  5.073 -9.999  5.034  4.497  4.215  4.025  3.832 2220202202222022222 1110101101111011111
 20120316 1200   5.040  5.033  5.037 -9.999  5.076 -9.999  5.035  5.036 -9.999  5.036  5.035  5.032  5.023 -9.999  5.025  4.494  4.228  4.023  3.845 2220202202222022222 1110101101111011111
 20120317 1200   4.990  4.984  4.987 -9.999  5.028 -9.999  4.988  4.987 -9.999  4.986  4.986  4.981  4.975 -9.999  4.978  4.529  4.219  4.025  3.843 2220202202222022222 1110101101111011111
 20120318 1200   4.930  4.922  4.925 -9.999  4.964 -9.999  4.923  4.925 -9.999  4.925  4.926  4.929  4.927 -9.999  4.928  4.536  4.228  4.024  3.836 2220202202222022222 1110101101111011111
 20120319 1200   4.940  4.927  4.935 -9.999  4.973 -9.999  4.934  4.935 -9.999  4.935  4.935  4.940  4.940 -9.999  4.948  4.594  4.273  4.082  3.827 2220202202222022222 1110101101111011111
 20120320 1200   4.920  4.913  4.917 -9.999  4.955 -9.999  4.915  4.917 -9.999  4.916  4.917  4.922  4.920 -9.999  4.933  4.564  4.271  4.055  3.832 2220202202222022222 1110101101111011111
 20120321 1200   4.910  4.905  4.910 -9.999  4.948 -9.999  4.909  4.910 -9.999  4.910  4.912  4.912  4.909 -9.999  4.914  4.510  4.249  4.043  3.833 2220202202222022222 1110101101111011111
 20120322 1200   4.900  4.886  4.891 -9.999  4.929 -9.999  4.891  4.890 -9.999  4.890  4.892  4.896  4.895 -9.999  4.901  4.455  4.233  4.058  3.870 2220202202222022222 1110101101111011111
 20120323 1200   4.890  4.870  4.865 -9.999  4.904 -9.999  4.864  4.863 -9.999  4.861  4.863  4.867  4.860 -9.999  4.848  4.414  4.219  4.041  3.883 2220202202222022222 1110101101111011111
 20120324 1200   4.930  4.901  4.863 -9.999  4.900 -9.999  4.860  4.855 -9.999  4.848  4.847  4.846  4.834 -9.999  4.800  4.455  4.220  4.052  3.869 2220202202222022222 1110101101111011111
 20120325 1200   4.910  4.896  4.880 -9.999  4.918 -9.999  4.878  4.875 -9.999  4.870  4.870  4.869  4.859 -9.999  4.813  4.469  4.246  4.062  3.880 2220202202222022222 1110101101111011111
 20120326 1200   4.890  4.856  4.842 -9.999  4.881 -9.999  4.842  4.839 -9.999  4.838  4.835  4.825  4.805 -9.999  4.758  4.453  4.227  4.058  3.894 2220202202222022222 1110101101111011111
 20120327 1200   4.990  4.948  4.847 -9.999  4.883 -9.999  4.842  4.834 -9.999  4.828  4.820  4.773  4.724 -9.999  4.691  4.455  4.242  4.053  3.898 2220202202222022222 1110101101111011111
 20120328 1200   4.880  4.847  4.842 -9.999  4.880 -9.999  4.840  4.840 -9.999  4.833  4.827  4.808  4.770 -9.999  4.718  4.456  4.240  4.052  3.897 2220202202222022222 1110101101111011111
 20120329 1200   4.880  4.872  4.858 -9.999  4.896 -9.999  4.857  4.853 -9.999  4.851  4.848  4.844  4.810 -9.999  4.727  4.452  4.226  4.034  3.876 2220202202222022222 1110101101111011111
 20120330 1200   4.830  4.818  4.820 -9.999  4.858 -9.999  4.818  4.819 -9.999  4.819  4.820  4.822  4.817 -9.999  4.800  4.437  4.222  4.016  3.885 2220202202222022222 1110101101111011111
 20120331 1200   4.910  4.891  4.894 -9.999  4.932 -9.999  4.893  4.894 -9.999  4.892  4.889  4.885  4.874 -9.999  4.886  4.396  4.175  4.003  3.867 2220202202222022222 1110101101111011111
 20120401 1200   4.890  4.883  4.876 -9.999  4.914 -9.999  4.874  4.872 -9.999  4.866  4.860  4.852  4.806 -9.999  4.870  4.409  4.160  4.014  3.845 2220202202222022222 1110101101111011111
 20120402 1200   4.900  4.882  4.886 -9.999  4.923 -9.999  4.885  4.885 -9.999  4.883  4.880  4.877  4.865 -9.999  4.855  4.447  4.185  4.041  3.870 2220202202222022222 1110101101111011111
 20120403 1200   4.870  4.860  4.860 -9.999  4.900 -9.999  4.861  4.860 -9.999  4.862  4.861  4.860  4.856 -9.999  4.845  4.437  4.200  4.035  3.871 2220202202222022222 1110101101111011111
 20120404 1200   4.810  4.800  4.796 -9.999  4.835 -9.999  4.795  4.794 -9.999  4.793  4.793  4.793  4.789 -9.999  4.787  4.390  4.157  4.003  3.844 2220202202222022222 1110101101111011111
 20120405 1200   4.860  4.846  4.824 -9.999  4.862 -9.999  4.821  4.807 -9.999  4.792  4.787  4.786  4.784 -9.999  4.815  4.406  4.122  3.957  3.837 2220202202222022222 1110101101111011111
 20120406 1200   4.960  4.938  4.910 -9.999  4.950 -9.999  4.907  4.898 -9.999  4.880  4.856  4.824  4.802 -9.999  4.824  4.479  4.129  3.963  3.831 2220202202222022222 1110101101111011111
 20120407 1200   5.070  5.052  4.977 -9.999  5.020 -9.999  4.973  4.945 -9.999  4.909  4.869  4.843  4.812 -9.999  4.814  4.501  4.142  3.982  3.833 2220202202222022222 1110101101111011111
 20120408 1200   5.110  5.091  5.031 -9.999  5.063 -9.999  5.013  4.973 -9.999  4.938  4.913  4.856  4.818 -9.999  4.827  4.509  4.168  3.987  3.829 2220202202222022222 1110101101111011111
 20120409 1200   5.310  5.281  5.222 -9.999  5.260 -9.999  5.212  5.178 -9.999  5.127  5.091  5.042  4.956 -9.999  4.847  4.543  4.238  4.004  3.827 2220202202222022222 1110101101111011111
 20120410 1200   5.450  5.421  5.317 -9.999  5.356 -9.999  5.309  5.272 -9.999  5.230  5.201  5.159  5.068 -9.999  4.945  4.457  4.192  4.008  3.817 2220202202222022222 1110101101111011111
 20120411 1200   5.430  5.412  5.365 -9.999  5.404 -9.999  5.348  5.302 -9.999  5.227  5.157  5.082  5.000 -9.999  4.953  4.388  4.138  3.959  3.796 2220202202222022222 1110101101111011111
 20120412 1200   5.600  5.570  5.463 -9.999  5.501 -9.999  5.452  5.418 -9.999  5.359  5.254  5.112  5.010 -9.999  4.960  4.400  4.114  3.928  3.798 2220202202222022222 1110101101111011111
 20120413 1200   5.670  5.647  5.477 -9.999  5.523 -9.999  5.464  5.417 -9.999  5.332  5.225  5.075  4.976 -9.999  4.922  4.423  4.122  3.940  3.800 2220202202222022222 1110101101111011111
 20120414 1200   5.270  5.258  5.260 -9.999  5.299 -9.999  5.259  5.257 -9.999  5.250  5.223  5.159  5.059 -9.999  4.920  4.465  4.170  3.978  3.800 2220202202222022222 1110101101111011111
 20120415 1200   5.200  5.186  5.184 -9.999  5.223 -9.999  5.181  5.182 -9.999  5.180  5.175  5.171  5.100 -9.999  4.957  4.471  4.196  3.990  3.801 2220202202222022222 1110101101111011111
 20120416 1200   5.270  5.249  5.238 -9.999  5.280 -9.999  5.238  5.237 -9.999  5.230  5.222  5.185  5.117 -9.999  4.888  4.462  4.207  4.012  3.797 2220202202222022222 1110101101111011111
 20120417 1200   5.300  5.286  5.273 -9.999  5.314 -9.999  5.271  5.267 -9.999  5.255  5.240  5.193  5.102 -9.999  4.855  4.469  4.192  3.987  3.796 2220202202222022222 1110101101111011111
 20120418 1200   5.440  5.387  5.369 -9.999  5.409 -9.999  5.365  5.353 -9.999  5.309  5.262  5.190  5.125 -9.999  4.875  4.503  4.203  3.998  3.797 2220202202222022222 1110101101111011111
 20120419 1200   5.580  5.522  5.385 -9.999  5.430 -9.999  5.381  5.369 -9.999  5.346  5.279  5.209  5.130 -9.999  4.908  4.525  4.234  4.035  3.790 2220202202222022222 1110101101111011111
 20120420 1200   5.570  5.507  5.465 -9.999  5.511 -9.999  5.452  5.405 -9.999  5.337  5.273  5.194  5.114 -9.999  4.868  4.541  4.241  4.028  3.788 2220202202222022222 1110101101111011111
 20120421 1200   5.990  5.631  5.421 -9.999  5.463 -9.999  5.415  5.380 -9.999  5.319  5.282  5.212  5.085 -9.999  4.763  4.566  4.258  4.064  3.791 2220202202222022222 1110101101111011111
 20120422 1200   5.870  5.811  5.465 -9.999  5.507 -9.999  5.458  5.429 -9.999  5.371  5.333  5.255  5.101 -9.999  4.704  4.565  4.250  4.046  3.802 2220202202222022222 1110101101111011111
 20120423 1200   5.820  5.805  5.527 -9.999  5.570 -9.999  5.520  5.480 -9.999  5.433  5.369  5.260  5.070 -9.999  4.790  4.480  4.239  4.035  3.805 2220202202222022222 1110101101111011111
 20120424 1200   5.600  5.593  5.585 -9.999  5.627 -9.999  5.585  5.573 -9.999  5.523  5.438  5.228  5.060 -9.999  4.755  4.503  4.253  4.023  3.808 2220202202222022222 1110101101111011111
 20120425 1200   5.630  5.615  5.616 -9.999  5.660 -9.999  5.615  5.614 -9.999  5.608  5.585  5.459  5.136 -9.999  4.870  4.480  4.300  4.056  3.812 2220202202222022222 1110101101111011111
 20120426 1200   5.610  5.567  5.560 -9.999  5.602 -9.999  5.560  5.560 -9.999  5.559  5.560  5.480  5.071 -9.999  4.774  4.448  4.275  4.045  3.818 2220202202222022222 1110101101111011111
 20120427 1200   5.590  5.575  5.528 -9.999  5.568 -9.999  5.524  5.519 -9.999  5.512  5.508  5.438  5.029 -9.999  4.772  4.408  4.242  4.051  3.839 2220202202222022222 1110101101111011111
 20120428 1200   5.510  5.497  5.494 -9.999  5.535 -9.999  5.494  5.490 -9.999  5.483  5.470  5.310  4.958 -9.999  4.760  4.426  4.225  4.057  3.832 2220202202222022222 1110101101111011111
 20120429 1200   5.460  5.447  5.432 -9.999  5.473 -9.999  5.430  5.423 -9.999  5.415  5.398  5.228  4.866 -9.999  4.636  4.445  4.233  4.033  3.840 2220202202222022222 1110101101111011111
 20120430 1200   5.520  5.501  5.498 -9.999  5.536 -9.999  5.495  5.489 -9.999  5.465  5.438  5.253  4.903 -9.999  4.610  4.444  4.230  4.041  3.840 2220202202222022222 1110101101111011111
 20120501 1200   5.520  5.507  5.507 -9.999  5.549 -9.999  5.507  5.506 -9.999  5.503  5.488  5.308  4.850 -9.999  4.626  4.459  4.256  4.057  3.840 2220202202222022222 1110101101111011111
 20120502 1200   5.520  5.508  5.504 -9.999  5.545 -9.999  5.502  5.498 -9.999  5.493  5.480  5.296  4.806 -9.999  4.582  4.425  4.219  4.051  3.859 2220202202222022222 1110101101111011111
 20120503 1200   5.520  5.504  5.486 -9.999  5.531 -9.999  5.483  5.467 -9.999  5.431  5.396  5.290  5.025 -9.999  4.601  4.433  4.192  4.035  3.842 2220202202222022222 1110101101111011111
 20120504 1200   5.530  5.517  5.486 -9.999  5.533 -9.999  5.480  5.463 -9.999  5.438  5.423  5.402  5.302 -9.999  4.831  4.421  4.212  4.033  3.834 2220202202222022222 1110101101111011111
 20120505 1200   5.490  5.477  5.459 -9.999  5.500 -9.999  5.455  5.448 -9.999  5.435  5.427  5.375  5.243 -9.999  4.851  4.381  4.175  3.980  3.836 2220202202222022222 1110101101111011111
 20120506 1200   5.570  5.528  5.505 -9.999  5.545 -9.999  5.503  5.501 -9.999  5.497  5.490  5.427  5.156 -9.999  4.770  4.432  4.181  3.992  3.827 2220202202222022222 1110101101111011111
 20120507 1200   5.730  5.707  5.572 -9.999  5.612 -9.999  5.564  5.545 -9.999  5.516  5.471  5.341  4.935 -9.999  4.617  4.438  4.207  4.019  3.806 2220202202222022222 1110101101111011111
 20120508 1200   5.580  5.569  5.570 -9.999  5.613 -9.999  5.567  5.565 -9.999  5.558  5.517  5.339  4.941 -9.999  4.526  4.403  4.201  4.036  3.808 2220202202222022222 1110101101111011111
 20120509 1200   5.560  5.547  5.548 -9.999  5.591 -9.999  5.548  5.547 -9.999  5.546  5.536  5.442  5.168 -9.999  4.716  4.423  4.202  4.040  3.805 2220202202222022222 1110101101111011111
 20120510 1200   5.590  5.576  5.578 -9.999  5.619 -9.999  5.577  5.577 -9.999  5.577  5.575  5.568  5.258 -9.999  4.791  4.413  4.192  4.080  3.814 2220202202222022222 1110101101111011111
 20120511 1200   5.600  5.599  5.600 -9.999  5.640 -9.999  5.598  5.597 -9.999  5.594  5.588  5.555  4.865 -9.999  4.673  4.387  4.137  4.030  3.815 2220202202222022222 1110101101111011111
 20120512 1200   5.660  5.638  5.613 -9.999  5.655 -9.999  5.609  5.600 -9.999  5.597  5.589  5.562  4.992 -9.999  4.613  4.393  4.121  4.021  3.817 2220202202222022222 1110101101111011111
 20120513 1200   5.700  5.688  5.680 -9.999  5.723 -9.999  5.677  5.665 -9.999  5.639  5.618  5.586  4.982 -9.999  4.605  4.340  4.096  4.007  3.818 2220202202222022222 1110101101111011111
 20120514 1200   5.840  5.701  5.682 -9.999  5.724 -9.999  5.679  5.670 -9.999  5.645  5.594  5.545  5.023 -9.999  4.642  4.297  4.107  4.003  3.818 2220202202222022222 1110101101111011111
 20120515 1200   6.250  6.024  5.687 -9.999  5.732 -9.999  5.683  5.666 -9.999  5.646  5.616  5.562  5.257 -9.999  4.639  4.297  4.103  3.998  3.816 2220202202222022222 1110101101111011111
 20120516 1200   5.920  5.889  5.658 -9.999  5.701 -9.999  5.647  5.624 -9.999  5.592  5.556  5.494  5.222 -9.999  4.709  4.319  4.129  4.012  3.814 2220202202222022222 1110101101111011111
 20120517 1200   5.990  5.966  5.789 -9.999  5.828 -9.999  5.769  5.683 -9.999  5.626  5.572  5.468  5.219 -9.999  4.698  4.341  4.140  4.003  3.815 2220202202222022222 1110101101111011111
 20120518 1200   5.930  5.911  5.870 -9.999  5.916 -9.999  5.866  5.786 -9.999  5.628  5.513  5.391  5.185 -9.999  4.653  4.309  4.115  3.980  3.811 2220202202222022222 1110101101111011111
 20120519 1200   6.100  6.037  5.910 -9.999  5.957 -9.999  5.894  5.815 -9.999  5.667  5.550  5.447  5.195 -9.999  4.668  4.286  4.099  3.960  3.813 2220202202222022222 1110101101111011111
 20120520 1200   6.290  6.245  5.887 -9.999  5.927 -9.999  5.858  5.766 -9.999  5.633  5.498  5.355  5.204 -9.999  4.655  4.318  4.094  3.960  3.813 2220202202222022222 1110101101111011111
 20120521 1200   6.460  6.447  6.150 -9.999  6.190 -9.999  6.110  5.905 -9.999  5.653  5.550  5.439  5.300 -9.999  4.692  4.340  4.077  3.958  3.810 2220202202222022222 1110101101111011111
 20120522 1200   6.120  6.098  6.082 -9.999  6.126 -9.999  6.076  6.052 -9.999  5.924  5.741  5.508  5.403 -9.999  4.700  4.347  4.087  3.938  3.810 2220202202222022222 1110101101111011111
 20120523 1200   6.230  6.212  6.182 -9.999  6.228 -9.999  6.180  6.156 -9.999  6.075  5.829  5.498  5.319 -9.999  4.706  4.330  4.101  3.941  3.810 2220202202222022222 1110101101111011111
 20120524 1200   6.300  6.273  6.219 -9.999  6.263 -9.999  6.202  6.113 -9.999  5.974  5.748  5.502  5.318 -9.999  4.725  4.349  4.083  3.942  3.812 2220202202222022222 1110101101111011111
 20120525 1200   6.360  6.342  6.303 -9.999  6.349 -9.999  6.301  6.287 -9.999  6.179  5.967  5.580  5.370 -9.999  4.727  4.375  4.076  3.919  3.807 2220202202222022222 1110101101111011111
 20120526 1200   6.390  6.382  6.363 -9.999  6.407 -9.999  6.355  6.336 -9.999  6.233  5.990  5.630  5.421 -9.999  4.794  4.348  4.073  3.930  3.810 2220202202222022222 1110101101111011111
 20120527 1200   6.360  6.342  6.330 -9.999  6.378 -9.999  6.327  6.322 -9.999  6.278  6.145  5.801  5.492 -9.999  5.015  4.308  4.090  3.939  3.811 2220202202222022222 1110101101111011111
 20120528 1200   6.340  6.328  6.325 -9.999  6.370 -9.999  6.322  6.302 -9.999  6.256  6.133  5.638  5.371 -9.999  4.992  4.410  4.150  3.952  3.811 2220202202222022222 1110101101111011111
 20120529 1200   6.340  6.319  6.309 -9.999  6.352 -9.999  6.305  6.294 -9.999  6.247  5.933  5.377  5.227 -9.999  4.700  4.489  4.247  4.080  3.811 2220202202222022222 1110101101111011111
 20120530 1200   6.410  6.391  6.378 -9.999  6.421 -9.999  6.370  6.352 -9.999  6.260  5.790  5.337  5.187 -9.999  4.610  4.446  4.256  4.122  3.794 2220202202222022222 1110101101111011111
 20120531 1200   6.410  6.375  6.350 -9.999  6.397 -9.999  6.348  6.346 -9.999  6.338  6.237  5.387  5.090 -9.999  4.538  4.431  4.247  4.102  3.803 2220202202222022222 1110101101111011111
 20120601 1200   6.640  6.589  6.404 -9.999  6.448 -9.999  6.392  6.371 -9.999  6.353  6.082  5.351  5.000 -9.999  4.319  4.409  4.250  4.098  3.832 2220202202222022222 1110101101111011111
 20120602 1200   6.630  6.610  6.518 -9.999  6.572 -9.999  6.497  6.432 -9.999  6.344  6.126  5.405  5.061 -9.999  4.317  4.329  4.213  4.096  3.828 2220202202222022222 1110101101111011111
 
